LR757997_China	0
MT198651_Spain	41	0
MT233520_Spain	42	1	0
MT246465_USA	41	12	11	0
MT233521_Spain	43	2	1	12	0
MT198653_Spain	40	12	11	12	12	0
MT246483_USA	40	10	9	4	10	9	0
MT252692_USA	39	14	13	14	14	9	12	0
MT246463_USA	40	9	8	4	9	9	1	10	0
MT246458_USA	40	10	9	4	10	10	2	12	1	0
MT233522_Spain	43	16	15	16	16	5	13	13	13	14	0
MT246456_USA	45	13	12	10	13	13	6	15	6	5	15	0
MT163721_USA	42	12	11	7	12	11	4	14	5	4	15	13	0
MT252693_USA	41	9	8	3	9	9	1	11	0	1	13	4	3	0
MT246485_USA	42	11	10	5	11	10	3	13	3	3	14	11	6	2	0
MT226610_China	58	32	31	33	32	32	30	32	29	30	36	36	36	29	34	0
MT246468_USA	41	10	9	5	10	9	2	12	1	2	13	8	8	1	6	30	0
MT246473_USA	42	11	10	7	11	11	3	12	3	3	15	8	7	2	7	32	4	0
MT251973_USA	41	15	14	16	15	4	12	12	12	13	7	19	18	12	16	35	12	15	0
MT039890_South Korea	43	17	16	18	16	13	14	15	14	15	17	21	20	14	19	37	15	17	16	0
MN988713_USA	42	14	13	15	14	12	12	14	11	12	16	18	17	11	16	34	12	14	15	17	0
MT184911_USA	42	18	17	19	18	14	16	14	15	16	18	22	22	15	20	36	16	18	17	19	18	0
MT093571_Sweden	41	15	14	15	15	11	13	13	12	13	15	19	19	12	17	35	13	15	14	14	15	17	0
MT123291_China	37	12	11	12	12	8	10	10	9	10	12	16	16	9	14	32	10	12	11	13	12	14	11	0
MT123293_China	39	13	12	13	13	9	11	11	10	11	13	17	17	10	15	33	11	13	12	14	13	15	12	3	0
MT184910_USA	38	13	14	16	15	9	12	10	12	13	15	18	18	12	16	33	12	15	14	16	15	15	14	11	12	0
MT019530_China	42	14	13	10	14	10	6	6	5	6	14	18	12	11	10	34	12	14	13	15	14	16	13	10	11	13	0
MT240479_Pakistan	40	14	13	15	14	8	11	9	11	12	12	18	17	11	15	32	11	14	11	15	14	14	13	10	11	11	12	0
MT184908_USA	38	11	12	14	13	7	10	10	10	11	13	16	16	10	14	33	10	13	12	14	13	15	12	9	10	6	11	11	0
MT184913_USA	41	14	13	15	14	10	12	10	11	12	14	18	18	11	16	32	12	14	13	15	14	14	13	10	11	11	12	10	11	0
MT246454_USA	39	12	11	15	12	10	12	10	11	12	14	18	18	11	16	32	12	14	13	13	14	14	11	10	11	11	12	10	11	10	0
MT163716_USA	40	11	11	15	12	10	12	10	13	12	14	21	14	11	14	39	16	16	19	20	21	21	18	16	17	18	19	14	18	17	12	0
MT039888_USA	40	12	11	14	13	9	11	11	10	11	13	17	17	10	15	33	11	13	12	14	11	15	12	9	10	12	11	11	10	11	11	18	0
MT012098_India	38	13	12	14	13	9	11	11	10	11	13	17	17	10	15	33	11	13	12	14	13	15	12	7	8	12	11	11	10	11	11	17	10	0
MT159712_USA	36	11	10	12	11	7	9	9	8	9	11	15	15	8	13	31	9	11	10	12	11	13	10	7	8	10	9	9	8	9	9	16	8	8	0
MT186683_Hong Kong	39	11	10	12	11	7	9	9	8	9	11	15	15	8	13	31	9	11	10	10	11	13	8	7	8	10	9	9	8	9	7	14	8	8	6	0
MT027063_USA	39	11	10	12	11	7	9	9	8	9	11	15	15	8	13	31	9	11	10	12	10	13	10	7	8	10	9	9	8	9	9	16	6	8	6	6	0
MT027062_USA	39	11	10	12	11	7	9	9	8	9	11	15	15	8	13	31	9	11	10	12	10	13	10	7	8	10	9	9	8	9	9	16	6	8	6	6	0	0
LC542809_Japan	38	12	11	13	12	6	10	8	9	10	10	16	16	9	14	30	10	12	9	13	12	12	11	8	9	9	10	8	9	8	8	15	9	9	7	7	7	7	0
MT114415_Hong Kong	38	11	11	13	12	7	10	8	9	10	12	16	16	9	14	30	10	12	11	13	12	12	11	8	9	9	10	6	9	8	8	15	9	9	7	7	7	7	6	0
MT114414_Hong Kong	38	11	11	13	12	7	10	8	9	10	12	16	16	9	14	30	10	12	11	13	12	12	11	8	9	9	10	6	9	8	8	15	9	9	7	7	7	7	6	0	0
MT007544_Australia	37	11	10	12	11	7	9	9	8	9	11	15	15	8	13	31	9	11	10	10	11	13	8	7	8	9	9	9	7	9	7	14	8	8	6	4	6	6	7	7	7	0
MT019529_China	38	11	10	12	11	7	9	9	8	9	11	15	15	8	13	31	9	11	10	12	11	13	10	7	8	10	9	9	8	9	9	16	8	8	6	6	6	6	7	7	7	6	0
LC529905_Japan	38	11	10	12	10	7	9	9	8	9	11	15	15	8	13	31	9	11	10	12	11	13	10	7	8	10	9	9	8	9	9	16	8	8	6	6	6	6	7	7	7	6	6	0
MT159722_USA	37	9	9	11	10	6	8	8	7	8	10	14	14	7	12	30	8	10	9	11	10	12	9	6	7	9	8	8	7	8	8	15	7	7	5	5	5	5	6	6	6	5	5	5	0
MT159705_USA	38	10	10	12	11	7	9	9	8	9	11	15	15	8	13	31	9	11	10	12	11	13	10	7	8	10	9	9	8	9	9	16	8	8	6	6	6	6	7	7	7	6	6	6	1	0
MT126808_Brazil	38	10	9	13	10	8	10	8	9	10	12	16	16	9	14	30	10	12	11	11	12	12	9	8	9	9	10	8	9	8	2	11	9	9	7	5	7	7	6	6	6	5	7	7	6	7	0
MT066156_Italy	38	10	9	10	10	6	8	7	7	8	10	13	12	7	10	29	8	9	9	9	10	11	7	6	7	8	8	7	7	7	5	10	7	7	5	3	5	5	5	5	5	3	5	5	4	5	3	0
MT123290_China	37	10	9	14	10	6	11	8	10	11	10	17	17	7	15	35	11	13	9	16	12	14	13	9	7	11	13	8	9	10	11	19	9	7	7	10	7	7	11	11	11	10	10	6	6	7	8	6	0
LC528233_N/A	36	10	9	23	10	6	17	6	19	18	10	26	26	7	24	44	20	22	10	27	18	18	19	12	8	15	21	6	15	14	17	28	15	7	13	17	13	13	18	18	18	21	21	21	12	13	9	7	20	0
MN996531_China	38	10	9	11	10	6	8	8	7	8	10	14	14	7	12	30	8	10	9	11	10	12	9	6	7	9	8	8	7	8	8	14	7	7	5	5	5	5	6	6	6	5	5	5	4	5	6	4	4	4	0
MN996529_China	38	10	9	10	10	6	8	8	7	8	10	12	11	7	9	30	8	9	9	11	10	12	9	6	7	9	8	8	7	8	8	11	7	7	5	5	5	5	6	6	6	5	5	5	4	5	6	4	4	4	4	0
MT066176_Taiwan	38	10	9	11	10	6	8	8	7	8	10	14	14	7	12	30	8	10	9	11	10	12	9	6	7	9	8	8	7	8	8	15	7	7	5	5	5	5	6	6	6	5	5	5	4	5	6	4	6	8	4	4	0
MN994468_USA	38	10	9	11	10	6	8	8	7	8	10	14	14	7	12	30	8	10	9	9	10	12	7	6	7	9	8	8	7	8	6	13	7	7	5	3	5	5	6	6	6	3	5	5	4	5	4	2	6	13	4	4	4	0
MT159717_USA	37	10	9	11	10	6	8	8	7	8	10	14	14	7	12	30	8	10	9	11	10	8	9	6	7	9	8	8	7	8	8	15	7	7	5	5	5	5	6	6	6	5	5	5	4	5	6	4	6	12	4	4	4	4	0
MT159718_USA	37	9	9	11	10	5	8	8	7	8	10	14	14	7	12	30	8	10	9	11	10	12	9	6	7	7	8	8	5	8	8	15	7	7	5	5	5	5	6	6	6	5	5	5	4	5	6	4	6	12	4	4	4	4	4	0
MT159720_USA	37	11	10	12	11	7	9	9	8	9	11	15	15	8	13	31	9	11	10	12	11	13	10	7	8	10	9	9	8	9	9	16	8	8	6	6	6	6	5	7	7	6	6	6	5	6	7	5	7	11	5	5	5	5	5	5	0
LC534418_Japan	38	11	10	12	11	7	9	7	8	9	11	15	15	8	13	29	9	11	10	12	11	11	10	7	8	8	9	7	8	7	7	13	8	8	6	6	6	6	5	5	5	6	6	6	5	6	5	4	5	8	5	5	5	5	5	5	6	0
LR757998_China	37	10	9	11	10	6	7	8	6	7	10	14	14	7	12	30	8	10	9	11	10	12	9	6	7	9	8	8	7	8	8	14	7	7	5	5	5	5	6	6	6	5	5	5	4	5	6	4	7	14	4	4	4	4	4	4	5	5	0
LC534419_Japan	37	10	9	11	10	6	8	8	7	8	10	14	14	7	12	31	8	10	10	12	11	13	10	7	8	10	9	8	8	9	9	15	8	7	6	6	6	6	7	7	7	6	6	6	5	6	7	5	7	11	4	5	5	5	5	5	6	6	4	0
MT027064_USA	36	10	9	11	10	6	8	8	7	8	10	14	14	7	12	30	8	10	9	11	10	12	9	6	7	9	8	8	7	8	8	15	7	7	5	5	5	5	6	6	6	5	5	5	4	5	6	4	6	12	4	4	4	4	4	4	5	5	4	5	0
MT121215_China	37	10	9	11	10	6	7	7	7	8	10	14	14	7	12	30	8	10	9	11	10	12	9	6	7	9	8	8	7	8	8	15	7	7	5	5	5	5	6	6	6	5	5	5	4	5	6	4	9	20	4	4	4	4	4	4	5	5	4	5	4	0
MT184912_USA	36	9	8	10	9	5	7	5	6	7	9	13	13	6	11	27	7	9	8	10	9	9	8	5	6	6	7	5	6	5	5	12	6	6	4	4	4	4	3	3	3	4	4	4	3	4	3	2	5	9	3	3	3	3	3	3	4	2	3	4	3	3	0
MT114418_Hong Kong	37	10	9	11	10	6	8	6	7	8	10	12	14	7	12	28	8	10	9	11	10	10	9	6	7	7	8	6	7	6	6	13	7	7	5	5	5	5	4	4	4	5	5	5	4	5	4	3	9	16	4	4	4	4	4	4	5	3	4	5	4	4	1	0
MT114419_Hong Kong	37	10	9	11	10	6	8	6	7	8	10	12	14	7	12	28	8	10	9	11	10	10	9	6	7	7	8	6	7	6	6	12	7	7	5	5	5	5	4	4	4	5	5	5	4	5	4	3	7	9	4	4	4	4	4	4	5	3	4	4	4	4	1	0	0
LC528232_N/A	36	9	8	22	9	5	13	5	18	13	9	25	25	6	23	50	19	21	16	33	20	20	21	16	13	17	22	5	17	16	21	33	17	9	15	18	15	15	26	20	20	27	27	27	14	15	14	13	20	29	6	6	14	14	14	14	15	10	9	9	14	26	11	18	3	0
MT077125_Italy	37	10	9	10	10	6	8	6	7	8	10	11	10	7	9	28	8	9	9	9	10	10	7	6	7	7	8	6	7	6	4	4	7	7	5	3	5	5	4	4	4	3	5	5	4	5	2	1	4	2	4	4	4	2	4	4	5	3	4	4	4	4	1	2	2	1	0
MT192773_Viet Nam	37	9	8	10	9	5	7	7	6	7	9	13	13	6	11	30	7	9	9	11	10	12	9	6	7	9	8	7	7	8	8	15	7	7	5	5	5	5	6	6	6	5	5	5	4	5	6	4	9	18	4	4	4	4	4	4	5	5	4	5	4	4	3	4	4	20	3	0
MT192772_Viet Nam	37	9	8	10	9	5	7	7	6	7	9	13	13	6	11	29	7	9	8	10	9	11	8	5	6	8	7	7	6	7	7	14	6	6	4	4	4	4	5	5	5	4	4	4	3	4	5	3	8	17	3	3	3	3	3	3	4	4	3	4	3	3	2	3	3	19	3	1	0
MN996527_China	37	10	9	10	10	6	8	8	7	8	10	11	10	7	9	30	8	9	9	11	10	12	9	6	7	9	8	8	7	8	8	10	7	7	5	5	5	5	6	6	6	5	5	5	4	5	6	4	4	4	4	4	4	4	4	4	5	5	4	4	4	4	3	4	4	3	4	3	3	0
MT072688_Nepal	36	9	8	9	9	5	7	7	6	7	9	10	9	6	8	29	7	8	8	10	8	11	8	5	6	8	7	7	6	7	7	9	4	6	4	4	4	4	5	5	5	4	4	4	3	4	5	3	3	3	3	3	3	3	3	3	4	4	3	3	3	3	2	3	3	4	3	3	2	3	0
MT188340_USA	38	10	9	11	10	6	8	8	7	8	10	14	13	7	12	30	8	10	9	11	10	12	9	6	7	9	8	8	7	8	8	12	7	7	5	5	5	5	6	6	6	5	5	5	4	5	6	4	7	16	4	4	4	4	4	4	5	5	4	4	4	4	3	4	4	15	4	3	3	4	3	0
MT020781_Finland	36	9	8	9	9	5	7	7	6	7	9	10	9	6	8	30	7	8	8	11	10	12	9	5	6	9	8	7	7	8	7	10	7	6	5	5	5	5	6	6	6	5	5	5	4	5	6	4	4	6	3	3	4	4	4	4	5	4	3	4	2	4	3	4	3	13	3	4	3	3	2	3	0
MT093631_China	37	9	8	10	9	5	7	6	6	7	9	13	12	6	11	29	7	9	8	10	9	11	8	5	6	8	7	7	6	7	7	13	6	6	4	4	4	4	5	5	5	4	4	4	3	4	5	3	3	3	3	3	3	3	3	3	4	4	3	3	3	3	2	3	3	5	3	3	2	3	2	3	2	0
MT159716_USA	36	9	8	10	9	5	7	7	6	7	9	13	13	6	11	29	7	9	8	10	9	11	8	5	6	8	7	7	6	7	7	14	6	6	4	4	4	4	5	5	5	4	4	4	3	4	5	3	5	11	3	3	3	3	3	3	4	4	3	4	3	3	2	3	3	13	3	3	2	3	2	2	3	2	0
MT039887_USA	37	9	8	10	9	5	7	7	6	7	9	13	13	6	11	29	7	9	8	10	9	11	8	3	4	8	7	7	6	7	7	14	6	4	4	4	4	4	5	5	5	4	4	4	3	4	5	3	5	11	3	3	3	3	3	3	4	4	3	4	3	3	2	3	3	13	3	3	2	3	2	3	3	2	2	0
MT019533_China	36	9	8	10	9	5	7	7	6	7	9	13	13	6	11	29	7	9	8	10	9	11	8	5	6	8	7	7	6	7	7	14	6	6	4	4	4	4	5	5	5	4	4	4	3	4	5	3	5	12	3	3	3	3	3	3	4	4	3	4	3	3	2	3	3	13	3	3	2	3	2	3	3	2	2	2	0
MT106053_USA	36	9	8	10	9	5	7	7	6	7	9	13	13	6	11	29	7	9	8	10	9	11	8	5	6	8	7	7	6	7	7	14	6	6	4	4	4	4	5	5	5	4	4	4	3	4	5	3	5	11	3	3	3	3	3	3	4	4	3	4	3	3	2	3	3	13	3	3	2	1	2	3	3	2	2	2	2	0
MT159715_USA	37	9	8	10	9	5	7	7	6	7	9	13	13	6	11	29	7	9	8	10	9	11	8	5	6	8	7	7	6	7	7	14	6	6	4	4	4	4	5	5	5	4	4	4	3	4	5	3	5	11	3	3	3	3	3	3	4	4	3	4	3	3	2	3	3	13	3	3	2	3	2	3	3	2	2	2	2	2	0
MT019531_China	37	9	8	10	9	5	7	7	6	7	9	13	13	6	11	29	7	9	8	10	9	11	8	5	4	8	7	7	6	7	7	14	6	6	4	4	4	4	5	5	5	4	4	4	3	4	5	3	8	19	3	3	3	3	3	3	4	4	3	4	3	3	2	3	3	25	3	3	2	3	2	3	3	2	2	2	2	2	2	0
MT114413_Hong Kong	37	9	8	10	9	5	7	7	6	7	9	13	13	6	11	29	7	9	8	10	9	11	8	5	6	8	7	7	6	7	7	14	6	6	4	4	4	4	5	5	5	4	4	4	3	4	5	3	8	17	3	3	3	3	3	3	4	4	3	4	3	3	2	3	3	19	3	3	2	3	2	3	3	2	2	2	2	2	2	2	0
MT114412_Hong Kong	37	9	8	10	9	5	7	7	6	7	9	13	13	6	11	29	7	9	8	10	9	11	8	5	6	8	7	7	6	7	7	13	6	6	4	4	4	4	5	5	5	4	4	4	3	4	5	3	7	15	3	3	3	3	3	3	4	4	3	4	3	3	2	3	3	18	3	3	2	3	2	3	2	2	2	2	2	2	2	2	0	0
MT159706_USA	37	9	8	10	9	5	7	7	6	7	9	13	13	6	11	29	7	9	8	10	9	11	8	5	6	8	7	7	6	7	7	14	6	6	4	4	4	4	5	5	5	4	4	4	3	4	5	3	5	11	3	3	3	3	3	3	4	4	3	4	3	3	2	3	3	13	3	3	2	3	2	3	3	2	2	2	2	2	2	2	2	2	0
MT159707_USA	37	9	8	10	9	5	7	7	6	7	9	13	13	6	11	29	7	9	8	10	9	11	8	5	6	8	7	7	6	7	7	14	6	6	4	4	4	4	5	5	5	4	4	4	3	4	5	3	5	11	3	3	3	3	3	3	4	4	3	4	3	3	2	3	3	13	3	3	2	3	2	3	3	2	2	2	2	2	2	2	2	2	2	0
MT159709_USA	36	9	8	10	9	5	7	7	6	7	9	13	13	6	11	29	7	9	8	10	9	11	8	5	6	8	7	7	6	7	7	14	6	6	4	4	4	4	3	5	5	4	4	4	3	4	5	3	5	9	3	3	3	3	3	3	2	4	3	4	3	3	2	3	3	13	3	3	2	3	2	3	3	2	2	2	2	2	2	2	2	2	2	2	0
MT159708_USA	37	9	8	10	9	5	7	7	6	7	9	13	13	6	11	29	7	9	8	10	9	11	8	5	6	8	7	7	6	7	7	14	6	6	4	4	4	4	5	5	5	4	4	4	3	4	5	3	5	11	3	3	3	3	3	3	4	4	3	4	3	3	2	3	3	13	3	3	2	3	2	3	3	2	2	2	2	2	2	2	2	2	2	2	2	0
MT044258_USA	36	8	7	9	8	4	6	6	5	6	8	12	12	5	10	28	6	8	7	9	8	10	7	4	5	7	6	6	5	6	6	13	5	5	3	3	3	3	4	4	4	3	3	3	2	3	4	2	4	10	2	2	2	2	2	2	3	3	2	3	2	2	1	2	2	12	2	2	1	2	1	1	2	1	1	1	1	1	1	1	1	1	1	1	1	1	0
MT192759_Taiwan	36	8	7	9	8	4	6	6	5	6	8	12	12	5	10	28	6	8	7	9	8	10	7	4	5	7	6	6	5	6	6	12	5	5	3	3	3	3	4	4	4	3	3	3	2	3	4	2	5	11	2	2	2	2	2	2	3	3	2	2	2	2	1	2	2	5	2	2	1	2	1	2	1	1	1	1	1	1	1	1	1	1	1	1	1	1	0	0
LR757996_China	36	8	7	9	8	4	6	6	5	6	8	12	12	5	10	28	6	8	7	9	8	10	7	4	5	7	6	6	5	6	6	12	5	5	3	3	3	3	4	4	4	3	3	3	2	3	4	2	5	10	2	2	2	2	2	2	3	3	2	2	2	2	1	2	2	4	2	2	1	2	1	2	1	1	1	1	1	1	1	1	1	1	1	1	1	1	0	0	0
MT019532_China	36	8	7	9	8	4	6	6	5	6	8	12	12	5	10	28	6	8	7	9	8	10	7	4	5	7	6	6	5	6	6	13	5	5	3	3	3	3	4	4	4	3	3	3	2	3	4	2	7	15	2	2	2	2	2	2	3	3	2	3	2	2	1	2	2	17	2	2	1	2	1	2	2	1	1	1	1	1	1	1	1	1	1	1	1	1	0	0	0	0
MN908947_China	36	8	7	9	8	4	6	6	5	6	8	12	12	5	10	28	6	8	7	9	8	10	7	4	5	7	6	6	5	6	6	13	5	5	3	3	3	3	4	4	4	3	3	3	2	3	4	2	7	18	2	2	2	2	2	2	3	3	2	3	2	2	1	2	2	24	2	2	1	2	1	2	2	1	1	1	1	1	1	1	1	1	1	1	1	1	0	0	0	0	0
MN996528_China	36	8	7	9	8	4	6	6	5	6	8	12	12	5	10	28	6	8	7	9	8	10	7	4	5	7	6	6	5	6	6	13	5	5	3	3	3	3	4	4	4	3	3	3	2	3	4	2	7	16	2	2	2	2	2	2	3	3	2	3	2	2	1	2	2	18	2	2	1	2	1	2	2	1	1	1	1	1	1	1	1	1	1	1	1	1	0	0	0	0	0	0
MT039874_China	36	8	7	9	8	4	6	6	5	6	8	12	12	5	10	28	6	8	7	9	8	10	7	4	5	7	6	6	5	6	6	12	5	5	3	3	3	3	4	4	4	3	3	3	2	3	4	2	2	2	2	2	2	2	2	2	3	3	2	3	2	2	1	2	2	4	2	2	1	2	1	2	1	1	1	1	1	1	1	1	1	1	1	1	1	1	0	0	0	0	0	0	0
MN996530_China	36	8	7	8	8	4	6	6	5	6	8	11	11	5	9	28	6	7	7	9	8	10	7	4	5	7	6	6	5	6	6	11	5	5	3	3	3	3	4	4	4	3	3	3	2	3	4	2	2	2	2	2	2	2	2	2	3	3	2	2	2	2	1	2	2	4	2	2	1	2	1	2	1	1	1	1	1	1	1	1	1	1	1	1	1	1	0	0	0	0	0	0	0	0
MN988669_China	36	8	7	9	8	4	6	6	5	6	8	12	12	5	10	28	6	8	7	9	8	10	7	4	5	7	6	6	5	6	6	12	5	5	3	3	3	3	4	4	4	3	3	3	2	3	4	2	3	9	2	2	2	2	2	2	3	3	2	3	2	2	1	2	2	11	2	2	1	2	1	2	1	1	1	1	1	1	1	1	1	1	1	1	1	1	0	0	0	0	0	0	0	0	0
MN988668_China	36	8	7	9	8	4	6	6	5	6	8	12	12	5	10	28	6	8	7	9	8	10	7	4	5	7	6	6	5	6	6	12	5	5	3	3	3	3	4	4	4	3	3	3	2	3	4	2	3	9	2	2	2	2	2	2	3	3	2	3	2	2	1	2	2	11	2	2	1	2	1	2	1	1	1	1	1	1	1	1	1	1	1	1	1	1	0	0	0	0	0	0	0	0	0	0
MT159719_USA	36	8	7	9	8	4	6	6	5	6	8	12	12	5	10	28	6	8	7	9	8	10	7	4	5	7	6	6	5	6	6	13	5	5	3	3	3	3	4	4	4	3	3	3	2	3	4	2	4	10	2	2	2	2	2	2	3	3	2	3	2	2	1	2	2	12	2	2	1	2	1	2	2	1	1	1	1	1	1	1	1	1	1	1	1	1	0	0	0	0	0	0	0	0	0	0	0
MT184909_USA	36	8	7	9	8	4	6	6	5	6	8	12	12	5	10	28	6	8	7	9	8	10	7	4	5	7	6	6	5	6	6	13	5	5	3	3	3	3	4	4	4	3	3	3	2	3	4	2	4	10	2	2	2	2	2	2	3	3	2	3	2	2	1	2	2	12	2	2	1	2	1	2	2	1	1	1	1	1	1	1	1	1	1	1	1	1	0	0	0	0	0	0	0	0	0	0	0	0
MT184907_USA	36	8	7	9	8	4	6	6	5	6	8	12	12	5	10	28	6	8	7	9	8	10	7	4	5	7	6	6	5	6	6	13	5	5	3	3	3	3	4	4	4	3	3	3	2	3	4	2	4	10	2	2	2	2	2	2	3	3	2	3	2	2	1	2	2	12	2	2	1	2	1	2	2	1	1	1	1	1	1	1	1	1	1	1	1	1	0	0	0	0	0	0	0	0	0	0	0	0	0
MT039873_China	36	8	7	8	8	4	6	6	5	6	8	9	8	5	7	28	6	7	7	9	8	10	7	4	5	7	6	6	5	6	6	8	5	5	3	3	3	3	4	4	4	3	3	3	2	3	4	2	3	3	2	2	2	2	2	2	3	3	2	3	2	2	1	2	2	10	2	2	1	2	1	2	1	1	1	1	1	1	1	1	1	1	1	1	1	1	0	0	0	0	0	0	0	0	0	0	0	0	0	0
MT159710_USA	36	8	7	9	8	4	6	6	5	6	8	12	12	5	10	28	6	8	7	9	8	10	7	4	5	7	6	6	5	6	6	13	5	5	3	3	3	3	4	4	4	3	3	3	2	3	4	2	4	10	2	2	2	2	2	2	3	3	2	3	2	2	1	2	2	12	2	2	1	2	1	2	2	1	1	1	1	1	1	1	1	1	1	1	1	1	0	0	0	0	0	0	0	0	0	0	0	0	0	0	0
MT159711_USA	36	8	7	9	8	4	6	6	5	6	8	12	12	5	10	28	6	8	7	9	8	10	7	4	5	7	6	6	5	6	6	13	5	5	3	3	3	3	4	4	4	3	3	3	2	3	4	2	4	10	2	2	2	2	2	2	3	3	2	3	2	2	1	2	2	12	2	2	1	2	1	2	2	1	1	1	1	1	1	1	1	1	1	1	1	1	0	0	0	0	0	0	0	0	0	0	0	0	0	0	0	0
MT159713_USA	36	8	7	9	8	4	6	6	5	6	8	12	12	5	10	28	6	8	7	9	8	10	7	4	5	7	6	6	5	6	6	13	5	5	3	3	3	3	4	4	4	3	3	3	2	3	4	2	4	10	2	2	2	2	2	2	3	3	2	3	2	2	1	2	2	12	2	2	1	2	1	2	2	1	1	1	1	1	1	1	1	1	1	1	1	1	0	0	0	0	0	0	0	0	0	0	0	0	0	0	0	0	0
MT159714_USA	36	8	7	9	8	4	6	6	5	6	8	12	12	5	10	28	6	8	7	9	8	10	7	4	5	7	6	6	5	6	6	13	5	5	3	3	3	3	4	4	4	3	3	3	2	3	4	2	4	10	2	2	2	2	2	2	3	3	2	3	2	2	1	2	2	12	2	2	1	2	1	2	2	1	1	1	1	1	1	1	1	1	1	1	1	1	0	0	0	0	0	0	0	0	0	0	0	0	0	0	0	0	0	0
MT159721_USA	36	8	7	9	8	4	6	6	5	6	8	12	12	5	10	28	6	8	7	9	8	10	7	4	5	7	6	6	5	6	6	13	5	5	3	3	3	3	4	4	4	3	3	3	2	3	4	2	4	10	2	2	2	2	2	2	3	3	2	3	2	2	1	2	2	12	2	2	1	2	1	2	2	1	1	1	1	1	1	1	1	1	1	1	1	1	0	0	0	0	0	0	0	0	0	0	0	0	0	0	0	0	0	0	0
MT118835_USA	37	9	8	10	9	5	7	7	6	7	9	13	13	6	11	29	7	9	8	10	9	11	8	5	6	8	7	7	6	7	7	14	6	6	4	4	4	4	5	5	5	4	4	4	3	4	5	3	5	11	3	3	3	3	3	3	4	4	3	4	3	3	2	3	3	13	3	3	2	3	2	3	3	2	2	2	2	2	2	2	2	2	2	2	2	2	1	1	1	1	1	1	1	1	1	1	1	1	1	1	1	1	1	1	1	0
MT044257_USA	41	11	10	12	11	11	9	13	8	9	15	15	14	8	13	31	9	11	14	16	8	17	14	11	12	14	13	13	12	13	13	20	10	12	10	10	10	10	11	11	11	10	10	10	9	10	11	9	11	17	9	9	9	9	9	9	10	10	9	10	9	9	8	9	9	19	9	9	8	9	6	9	9	8	8	8	8	8	8	8	8	8	8	8	8	8	7	7	7	7	7	7	7	7	7	7	7	7	7	7	7	7	7	7	7	8	0
MN994467_USA	41	11	10	12	11	11	9	13	8	9	15	15	15	8	13	31	9	11	14	16	10	17	14	11	12	14	13	13	12	13	13	20	10	12	10	10	10	10	11	11	11	10	10	10	9	10	11	9	11	17	9	9	9	9	9	9	10	10	9	10	9	9	8	9	9	19	9	9	8	9	6	9	9	8	8	8	8	8	8	8	8	8	8	8	8	8	7	7	7	7	7	7	7	7	7	7	7	7	7	7	7	7	7	7	7	8	4	0
MT230904_Hong Kong	40	11	10	12	11	11	9	13	8	9	15	15	15	8	13	31	9	11	14	16	10	17	14	11	12	14	13	13	12	13	13	20	10	12	10	10	10	10	11	11	11	10	10	10	9	10	11	9	13	18	9	9	9	9	9	9	10	10	9	10	9	9	8	9	9	21	9	9	8	9	6	9	9	8	8	8	8	8	8	8	8	8	8	8	8	8	7	7	7	7	7	7	7	7	7	7	7	7	7	7	7	7	7	7	7	8	4	4	0
MT233523_Spain	42	1	0	11	1	11	9	13	8	9	15	12	11	8	10	31	9	10	14	16	13	17	14	11	12	14	13	13	12	13	11	11	12	12	10	10	10	10	11	11	11	10	10	10	9	10	9	9	9	9	9	9	9	9	9	9	10	10	9	9	9	9	8	9	9	8	9	8	8	9	8	9	8	8	8	8	8	8	8	8	8	8	8	8	8	8	7	7	7	7	7	7	7	7	7	7	7	7	7	7	7	7	7	7	7	8	10	10	10	0
MT233519_Spain	42	1	0	11	1	11	9	13	8	9	15	12	11	8	10	31	9	10	14	16	13	17	14	11	12	14	13	13	12	13	11	11	12	12	10	10	10	10	11	11	11	10	10	10	9	10	9	9	9	9	9	9	9	9	9	9	10	10	9	9	9	9	8	9	9	8	9	8	8	9	8	9	8	8	8	8	8	8	8	8	8	8	8	8	8	8	7	7	7	7	7	7	7	7	7	7	7	7	7	7	7	7	7	7	7	8	10	10	10	0	0
MT198652_Spain	42	1	0	11	1	11	9	13	8	9	15	12	11	8	10	31	9	10	14	16	13	17	14	11	12	14	13	13	12	13	11	11	12	12	10	10	10	10	11	11	11	10	10	10	9	10	9	9	9	9	9	9	9	9	9	9	10	10	9	9	9	9	8	9	9	8	9	8	8	9	8	9	8	8	8	8	8	8	8	8	8	8	8	8	8	8	7	7	7	7	7	7	7	7	7	7	7	7	7	7	7	7	7	7	7	8	10	10	10	0	0	0
MT106054_USA	40	11	10	12	11	11	9	13	8	9	15	15	15	8	13	31	9	11	14	16	13	17	14	11	12	14	13	13	12	13	13	20	12	12	10	10	10	10	11	11	11	10	10	10	9	10	11	9	11	17	9	9	9	9	9	9	10	10	9	10	9	9	8	9	9	19	9	9	8	9	8	9	9	8	8	8	8	8	8	8	8	8	8	8	8	8	7	7	7	7	7	7	7	7	7	7	7	7	7	7	7	7	7	7	7	8	10	10	10	10	10	10	0
MT050493_India	40	10	9	11	10	10	8	12	7	8	14	14	14	7	12	30	8	10	13	15	12	16	13	10	11	13	12	12	11	12	12	18	11	11	9	9	9	9	10	10	10	9	9	9	8	9	10	8	8	8	8	8	8	8	8	8	9	9	8	8	8	8	7	8	8	7	8	8	7	8	7	8	7	7	7	7	7	7	7	7	7	7	7	7	7	7	6	6	6	6	6	6	6	6	6	6	6	6	6	6	6	6	6	6	6	7	9	9	9	9	9	9	9	0
MT123292_China	39	8	7	29	8	8	15	10	25	18	12	32	32	5	30	45	26	27	12	34	18	22	20	15	12	19	21	10	15	18	26	37	17	9	15	17	15	15	29	21	21	28	24	28	14	15	11	7	19	24	6	6	7	14	14	14	15	14	18	15	14	27	13	19	14	37	6	19	18	6	5	22	5	6	13	13	13	13	13	22	18	17	13	13	13	13	12	14	13	16	25	17	4	4	11	11	12	12	12	4	12	12	12	12	12	13	15	15	21	7	7	7	15	6	0
MT049951_China	40	9	8	9	9	9	6	9	5	6	13	13	12	5	10	28	7	9	12	14	11	14	12	9	10	11	11	10	10	10	10	17	10	10	8	8	8	8	8	8	8	8	8	8	7	8	8	6	12	22	7	7	7	7	7	7	8	7	7	8	7	7	5	6	6	28	6	7	6	7	6	7	7	6	6	6	6	6	6	6	6	6	6	6	6	6	5	5	5	5	5	5	5	5	5	5	5	5	5	5	5	5	5	5	5	6	8	8	8	8	8	8	8	7	26	0
MT135041_China	40	7	7	9	8	8	6	10	5	6	12	12	12	5	10	28	6	8	11	13	10	14	11	8	9	11	10	10	9	10	10	17	9	9	7	7	7	7	8	8	8	7	7	7	6	7	8	6	11	22	6	6	6	6	6	6	7	7	6	7	6	6	5	6	6	28	6	6	5	6	5	6	6	5	5	5	5	5	5	5	5	5	5	5	5	5	4	4	4	4	4	4	4	4	4	4	4	4	4	4	4	4	4	4	4	5	7	7	7	7	7	7	7	6	25	5	0
MT135044_China	40	7	7	9	8	8	6	10	5	6	12	12	12	5	10	28	6	8	11	13	10	14	11	8	9	11	10	10	9	10	10	17	9	9	7	7	7	7	8	8	8	7	7	7	6	7	8	6	11	22	6	6	6	6	6	6	7	7	6	7	6	6	5	6	6	28	6	6	5	6	5	6	6	5	5	5	5	5	5	5	5	5	5	5	5	5	4	4	4	4	4	4	4	4	4	4	4	4	4	4	4	4	4	4	4	5	7	7	7	7	7	7	7	6	25	5	0	0
MT135042_China	40	7	7	9	8	8	6	10	5	6	12	12	12	5	10	28	6	8	11	13	10	14	11	8	9	11	10	10	9	10	10	17	9	9	7	7	7	7	8	8	8	7	7	7	6	7	8	6	11	22	6	6	6	6	6	6	7	7	6	7	6	6	5	6	6	28	6	6	5	6	5	6	6	5	5	5	5	5	5	5	5	5	5	5	5	5	4	4	4	4	4	4	4	4	4	4	4	4	4	4	4	4	4	4	4	5	7	7	7	7	7	7	7	6	25	5	0	0	0
MT135043_China	41	8	8	10	9	9	7	11	6	7	13	13	13	6	11	29	7	9	12	14	11	15	12	9	10	12	11	11	10	11	11	18	10	10	8	8	8	8	9	9	9	8	8	8	7	8	9	7	12	23	7	7	7	7	7	7	8	8	7	8	7	7	6	7	7	29	7	7	6	7	6	7	7	6	6	6	6	6	6	6	6	6	6	6	6	6	5	5	5	5	5	5	5	5	5	5	5	5	5	5	5	5	5	5	5	6	8	8	8	8	8	8	8	7	26	6	1	1	1	0
MN975262_China	41	9	8	10	9	9	7	11	6	7	13	13	13	6	11	29	7	9	12	14	11	15	12	9	10	12	11	11	10	11	11	18	10	10	8	8	8	8	9	9	9	8	8	8	7	8	9	7	12	21	7	7	7	7	7	7	8	8	7	8	7	7	6	7	7	23	7	7	6	7	6	7	7	6	6	6	6	6	6	6	6	6	6	6	6	6	5	5	5	5	5	5	5	5	5	5	5	5	5	5	5	5	5	5	5	6	8	8	8	8	8	8	6	7	18	6	5	5	5	6	0
MT106052_USA	39	7	7	9	8	7	6	10	5	6	12	12	12	5	10	28	6	8	11	13	10	14	11	8	9	11	10	10	9	10	10	17	9	9	7	7	7	7	8	7	7	7	7	7	6	7	8	6	8	14	6	6	6	6	6	6	7	7	6	7	6	6	5	6	6	16	6	6	5	6	5	6	6	5	5	5	5	5	5	5	5	5	5	5	5	5	4	4	4	4	4	4	4	4	4	4	4	4	4	4	4	4	4	4	4	5	7	7	7	7	7	7	7	6	12	5	4	4	4	5	5	0
LC542976_Japan	39	8	7	9	8	8	6	10	5	6	12	12	12	5	10	28	6	8	11	13	10	14	11	8	9	11	10	10	9	10	10	17	9	9	7	7	7	7	8	8	8	7	7	7	6	7	8	6	11	22	6	6	6	6	6	6	7	7	6	7	6	6	5	6	6	28	6	6	5	6	5	6	6	5	5	5	5	5	5	5	5	5	5	5	5	5	4	4	4	4	4	4	4	4	4	4	4	4	4	4	4	4	4	4	4	5	7	7	7	7	7	7	7	6	25	5	4	4	4	5	5	4	0
MN997409_USA	39	8	7	9	8	8	6	8	5	6	12	12	12	5	10	26	6	8	11	13	10	12	11	8	9	9	10	8	9	8	8	15	9	9	7	7	7	7	6	6	6	7	7	7	6	7	6	5	8	12	6	6	6	6	6	6	7	5	6	7	6	6	3	4	4	14	4	6	5	6	5	6	6	5	5	5	5	5	5	5	5	5	5	5	5	5	4	4	4	4	4	4	4	4	4	4	4	4	4	4	4	4	4	4	4	5	7	7	7	7	7	7	5	6	12	4	4	4	4	5	3	4	4	0
MN938384_China	39	7	6	8	7	7	5	9	4	5	11	11	11	4	9	27	5	7	10	12	9	13	10	7	8	10	9	9	8	9	9	15	8	8	6	6	6	6	7	7	7	6	6	6	5	6	7	5	5	5	5	5	5	5	5	5	6	6	5	5	5	5	4	5	5	4	5	4	4	5	4	5	4	4	4	4	4	4	4	4	4	4	4	4	4	4	3	3	3	3	3	3	3	3	3	3	3	3	3	3	3	3	3	3	3	4	6	6	6	6	6	6	4	5	3	4	3	3	3	4	2	3	3	1	0
MT246667_USA	39	7	6	7	7	7	3	9	3	3	11	10	10	2	8	28	4	6	11	13	10	14	11	8	9	11	10	10	9	10	10	16	9	8	7	7	7	7	8	8	8	7	7	7	6	7	8	5	6	7	5	5	5	6	6	6	7	7	6	7	6	6	5	6	6	13	5	6	5	5	4	6	4	5	5	5	5	5	5	5	5	5	5	5	5	5	4	4	4	4	4	4	3	3	4	4	4	4	4	3	4	4	4	4	4	5	7	7	7	6	6	6	7	6	4	5	4	4	4	5	5	4	4	4	2	0
MT020880_USA	39	7	6	6	7	7	3	9	2	3	11	9	9	2	7	27	3	5	10	12	9	13	10	7	8	10	9	9	8	9	9	16	8	8	6	6	6	6	7	7	7	6	6	6	5	6	7	5	7	13	5	5	5	5	5	5	6	6	5	6	5	5	4	5	5	15	5	5	4	5	4	5	5	4	4	4	4	4	4	4	4	4	4	4	4	4	3	3	3	3	3	3	3	3	3	3	3	3	3	3	3	3	3	3	3	4	6	6	6	6	6	6	6	5	11	4	3	3	3	4	4	3	3	3	2	1	0
MN985325_USA	39	7	6	6	7	7	3	9	2	3	11	9	9	2	7	27	3	5	10	12	9	13	10	7	8	10	9	9	8	9	9	16	8	8	6	6	6	6	7	7	7	6	6	6	5	6	7	5	7	13	5	5	5	5	5	5	6	6	5	6	5	5	4	5	5	15	5	5	4	5	4	5	5	4	4	4	4	4	4	4	4	4	4	4	4	4	3	3	3	3	3	3	3	3	3	3	3	3	3	3	3	3	3	3	3	4	6	6	6	6	6	6	6	5	11	4	3	3	3	4	4	3	3	3	2	1	0	0
MT020881_USA	39	7	6	6	7	7	3	9	2	3	11	9	9	2	7	27	3	5	10	12	9	13	10	7	8	10	9	9	8	9	9	16	8	8	6	6	6	6	7	7	7	6	6	6	5	6	7	5	7	13	5	5	5	5	5	5	6	6	5	6	5	5	4	5	5	15	5	5	4	5	4	5	5	4	4	4	4	4	4	4	4	4	4	4	4	4	3	3	3	3	3	3	3	3	3	3	3	3	3	3	3	3	3	3	3	4	6	6	6	6	6	6	6	5	11	4	3	3	3	4	4	3	3	3	2	1	0	0	0
MT233526_USA	39	7	6	5	7	7	3	9	2	3	11	7	6	2	4	27	3	4	10	12	9	13	10	7	8	10	9	9	8	9	9	12	8	8	6	6	6	6	7	7	7	6	6	6	5	6	7	5	5	5	5	5	5	5	5	5	6	6	5	5	5	5	4	5	5	4	5	5	4	5	4	5	4	4	4	4	4	4	4	4	4	4	4	4	4	4	3	3	3	3	3	3	3	3	3	3	3	3	3	3	3	3	3	3	3	4	6	6	6	6	6	6	6	5	3	4	3	3	3	4	4	3	3	3	2	0	0	0	0	0
LR757995_China	38	6	5	7	6	6	4	8	3	4	10	10	10	3	8	27	4	6	10	12	9	13	10	7	8	10	9	8	8	9	9	15	8	8	6	6	6	6	7	7	7	6	6	6	5	6	7	5	8	12	5	5	5	5	5	5	6	6	4	5	5	5	4	5	4	6	4	5	4	4	4	4	4	4	4	4	4	4	4	4	4	4	4	4	4	4	3	2	2	3	3	3	3	3	3	3	3	3	3	3	3	3	3	3	3	4	6	6	6	5	5	5	6	4	11	4	3	3	3	4	4	3	3	3	1	3	2	2	2	1	0
MT114417_Hong Kong	39	7	6	8	7	7	5	9	4	5	11	11	11	4	9	27	5	7	10	12	9	13	10	7	8	10	9	9	8	9	9	16	8	8	6	6	6	6	7	7	7	6	6	6	5	6	7	5	10	19	5	5	5	5	5	5	6	6	5	6	5	5	4	5	5	21	5	5	4	5	4	5	5	4	4	4	4	4	4	4	4	4	4	4	4	4	3	3	3	3	3	3	3	3	3	3	3	3	3	3	3	3	3	3	3	4	6	6	6	6	6	6	6	3	16	4	3	3	3	4	4	3	3	3	2	3	2	2	2	2	2	0
MT114416_Hong Kong	39	7	6	8	7	7	5	9	4	5	11	11	11	4	9	27	5	7	10	12	9	13	10	7	8	10	9	9	8	9	9	15	8	8	6	6	6	6	7	7	7	6	6	6	5	6	7	5	8	15	5	5	5	5	5	5	6	6	5	5	5	5	4	5	5	10	5	5	4	5	4	5	4	4	4	4	4	4	4	4	4	4	4	4	4	4	3	3	3	3	3	3	3	3	3	3	3	3	3	3	3	3	3	3	3	4	6	6	6	6	6	6	6	3	15	4	3	3	3	4	4	3	3	3	2	3	2	2	2	2	1	0	0
MT066175_Taiwan	38	6	5	7	6	6	4	8	3	4	10	10	10	3	8	26	4	6	9	11	8	12	9	6	7	9	8	8	7	8	8	15	7	7	5	5	5	5	6	6	6	5	5	5	4	5	6	4	6	8	4	4	4	4	4	4	5	5	4	5	4	4	3	4	4	14	4	4	3	4	3	4	4	3	3	3	3	3	3	3	3	3	3	3	3	3	2	2	2	2	2	2	2	2	2	2	2	2	2	2	2	2	2	2	2	3	5	5	5	5	5	5	5	4	3	3	2	2	2	3	3	2	2	2	1	1	1	1	1	1	1	1	1	0
MT246482_USA	43	13	12	3	13	13	5	15	4	5	17	9	8	4	6	33	5	6	16	18	15	19	16	13	14	16	15	15	14	15	15	16	14	14	12	12	12	12	13	13	13	12	12	12	11	12	13	11	14	23	11	11	11	11	11	11	12	12	11	11	11	11	10	11	11	22	11	10	10	11	10	11	10	10	10	10	10	10	10	10	10	10	10	10	10	10	9	9	9	9	9	9	9	9	9	9	9	9	9	9	9	9	9	9	9	10	12	12	12	12	12	12	12	11	27	10	9	9	9	10	10	9	9	9	8	6	6	6	6	6	7	8	8	7	0
MT251980_USA	45	13	12	8	13	13	6	14	5	5	17	9	8	4	7	34	6	5	17	19	16	20	17	14	15	17	16	16	15	16	16	17	15	15	13	13	13	13	14	14	14	13	13	13	12	13	14	12	15	24	12	12	12	12	12	12	13	13	12	12	12	12	11	12	12	23	11	11	11	11	10	12	10	11	11	11	11	11	11	11	11	11	11	11	11	11	10	10	10	10	10	10	10	10	10	10	10	10	10	9	10	10	10	10	10	11	13	13	13	12	12	12	13	12	25	11	10	10	10	11	11	10	10	10	9	7	7	7	7	7	8	9	9	8	9	0
MT188339_USA	44	12	12	8	13	12	6	15	5	6	17	9	8	4	7	34	6	7	17	19	16	20	17	14	15	17	16	16	15	16	16	16	15	15	13	13	13	13	14	14	14	13	13	13	12	13	14	12	12	12	12	12	12	12	12	12	13	13	12	12	12	12	11	12	12	11	12	11	11	12	10	12	10	11	11	11	11	11	11	11	11	11	11	11	11	11	10	10	10	10	10	10	10	10	10	10	10	10	10	9	10	10	10	10	10	11	13	13	13	12	12	12	13	12	10	11	10	10	10	11	11	10	10	10	9	7	7	7	7	7	8	9	9	8	9	9	0
MT188341_USA	43	13	12	21	13	13	17	15	19	17	17	25	20	4	20	50	22	22	30	35	29	33	31	28	28	30	31	29	28	29	32	28	28	28	26	27	26	26	30	30	30	29	29	29	25	26	27	23	27	39	25	22	25	25	25	25	26	26	28	26	25	28	24	28	26	33	12	27	27	17	10	28	10	24	24	24	24	24	24	27	27	27	24	24	24	24	23	25	24	26	26	26	23	22	23	23	23	23	23	9	23	23	23	23	23	24	26	26	27	12	12	12	26	25	39	27	26	26	26	27	27	23	26	23	22	21	20	20	20	17	22	25	25	21	22	22	6	0
MT246459_USA	43	12	11	8	12	12	4	14	4	4	16	11	11	3	9	37	6	6	20	22	19	23	20	17	18	20	19	16	18	19	17	24	18	15	16	16	16	16	17	17	17	16	16	16	15	16	17	14	18	27	12	10	15	15	15	15	16	16	12	13	15	15	14	15	12	30	10	15	14	10	9	12	12	11	14	14	14	14	14	14	14	14	14	14	14	14	13	10	10	13	13	13	10	9	13	13	13	13	13	11	13	13	13	13	13	14	16	16	16	11	11	11	16	12	33	14	13	13	13	14	14	13	13	13	9	11	10	10	10	6	9	12	9	11	7	8	8	25	0
MT251975_USA	44	12	11	9	13	13	5	15	5	5	16	9	13	4	11	36	8	7	19	21	18	22	19	16	17	19	18	18	17	18	18	23	17	17	15	15	15	15	16	16	16	15	15	15	14	15	16	12	17	26	14	11	14	14	14	14	15	15	14	14	14	14	13	14	14	25	11	13	13	11	10	14	10	13	13	13	13	13	13	13	13	13	13	13	13	13	12	12	12	12	12	12	12	11	12	12	12	12	12	9	12	12	12	12	12	13	15	15	15	12	12	12	15	14	32	13	12	12	12	13	13	12	12	12	11	10	9	9	9	6	10	11	11	10	8	9	9	27	9	0
MT246471_USA	44	12	11	7	12	12	4	12	3	4	16	10	10	3	8	34	4	6	19	21	18	20	19	16	17	17	18	13	17	16	16	18	17	17	15	15	15	15	14	14	14	15	15	15	14	15	14	13	17	24	14	14	14	14	14	14	15	13	14	14	14	14	11	12	12	23	8	13	13	14	13	10	13	13	13	13	13	13	13	13	13	13	13	13	13	13	12	12	12	12	12	12	12	12	12	12	12	12	12	12	12	12	12	12	12	13	15	15	15	11	11	11	15	14	32	12	12	12	12	13	13	12	12	10	11	10	9	9	9	9	10	11	11	10	7	8	8	24	12	12	0
MT246464_USA	43	11	10	5	11	11	3	13	2	3	15	9	8	2	6	31	3	5	14	16	13	17	14	11	12	14	13	13	12	13	13	16	12	12	10	10	10	10	11	11	11	10	10	10	9	10	11	9	9	9	9	9	9	9	9	9	10	10	9	9	9	9	8	9	9	8	9	8	8	9	8	9	8	8	8	8	8	8	8	8	8	8	8	8	8	8	7	7	7	7	7	7	7	7	7	7	7	7	7	7	7	7	7	7	7	8	10	10	10	10	10	10	10	9	7	8	7	7	7	8	8	7	7	7	6	4	4	4	4	4	5	6	6	5	6	7	7	19	7	7	3	0
MT246489_USA	42	10	9	5	11	11	3	13	3	3	14	10	7	2	5	32	4	6	15	17	14	18	15	12	13	15	14	14	13	14	14	15	13	13	11	11	11	11	12	12	12	11	11	11	10	11	12	9	13	22	10	9	10	10	10	10	11	11	10	10	10	10	9	10	10	21	9	9	9	9	8	10	8	9	9	9	9	9	9	9	9	9	9	9	9	9	8	8	8	8	8	8	8	7	8	8	8	8	8	7	8	8	8	8	8	9	11	11	11	10	10	10	11	10	28	9	8	8	8	9	9	8	8	8	7	6	5	5	5	4	6	7	7	6	6	7	7	21	8	5	4	2	0
MT246478_USA	42	10	9	6	11	11	3	13	2	3	14	9	9	2	7	31	3	5	14	16	13	17	14	11	12	14	13	13	12	13	13	19	12	12	10	10	10	10	11	11	11	10	10	10	9	10	11	9	12	21	9	9	9	9	9	9	10	10	9	9	9	9	8	9	9	23	9	9	8	9	8	9	8	8	8	8	8	8	8	8	8	8	8	8	8	8	7	7	7	7	7	7	7	7	7	7	7	7	7	7	7	7	7	7	7	8	10	10	10	10	10	10	10	9	26	8	7	7	7	8	8	7	7	7	6	5	4	4	4	4	6	6	6	5	6	7	7	23	7	5	7	2	1	0
MT246472_USA	42	11	10	5	11	11	3	13	2	3	15	6	5	2	4	31	3	4	14	16	13	17	14	11	12	14	13	13	12	13	13	13	12	12	10	10	10	10	11	11	11	10	10	10	9	10	11	9	12	21	9	9	9	9	9	9	10	10	9	9	9	9	8	9	9	16	9	8	8	9	8	9	8	8	8	8	8	8	8	8	8	8	8	8	8	8	7	7	7	7	7	7	7	7	7	7	7	7	7	7	7	7	7	7	7	8	10	10	10	10	10	10	10	9	22	7	7	7	7	8	8	7	7	7	6	4	4	4	4	4	5	6	6	5	6	6	7	18	5	6	5	4	4	4	0
MT246486_USA	44	11	10	5	11	11	3	13	2	3	15	7	6	2	4	35	3	4	18	20	17	21	18	15	16	18	17	14	16	17	17	16	16	16	14	14	14	14	15	15	15	14	14	14	13	14	15	13	16	25	13	13	13	13	13	13	14	14	13	13	13	13	12	13	13	24	9	12	12	13	12	9	12	12	12	12	12	12	12	12	12	12	12	12	12	12	11	11	11	11	11	11	11	11	11	11	11	11	11	11	11	11	11	11	11	12	14	14	14	10	10	10	14	13	27	12	11	11	11	12	12	11	11	11	10	8	8	8	8	8	9	10	10	9	6	7	7	20	9	10	7	4	4	8	4	0
MT246475_USA	42	12	12	8	13	12	5	13	4	5	17	9	9	4	7	31	5	6	16	18	15	17	16	13	14	14	15	13	14	13	13	17	14	14	12	12	12	12	11	11	11	12	12	12	11	12	11	10	14	21	11	11	11	11	11	11	12	10	11	11	11	11	8	9	9	18	9	11	10	11	10	11	10	10	10	10	10	10	10	10	10	10	10	10	10	10	9	9	9	9	9	9	9	9	9	9	9	9	9	9	9	9	9	9	9	10	12	12	12	12	12	12	12	11	24	9	9	9	9	10	10	9	9	7	8	7	6	6	6	6	7	8	8	7	8	9	9	23	7	8	9	6	7	6	6	10	0
MT252681_USA	42	10	9	6	10	10	2	12	2	2	14	7	6	1	5	31	3	4	14	16	13	17	14	11	12	14	7	13	12	13	13	14	12	12	10	10	10	10	11	11	11	10	10	10	9	10	11	8	12	21	9	8	9	9	9	9	10	10	9	9	9	9	8	9	9	17	8	8	8	8	7	9	7	8	8	8	8	8	8	8	8	8	8	8	8	8	7	7	7	7	7	7	7	6	7	7	7	7	7	6	7	7	7	7	7	8	10	10	10	9	9	9	10	9	22	7	7	7	7	8	8	7	7	7	6	5	4	4	4	3	5	6	6	5	5	6	6	20	5	6	5	4	5	4	3	3	5	0
MT252679_USA	45	12	11	6	12	12	4	14	3	4	16	8	3	3	5	36	4	5	19	21	18	22	19	16	17	19	18	15	17	18	18	17	17	17	15	15	15	15	16	16	16	15	15	15	14	15	16	14	14	14	14	14	14	14	14	14	15	15	14	14	14	14	13	14	14	13	10	13	13	14	13	10	13	13	13	13	13	13	13	13	13	13	13	13	13	13	12	12	12	12	12	12	12	12	12	12	12	12	12	12	12	12	12	12	12	13	15	15	15	11	11	11	15	14	12	13	12	12	12	13	13	12	12	12	11	9	9	9	9	9	10	11	11	10	7	8	8	18	10	11	6	5	5	9	5	7	11	4	0
MT252684_USA	43	12	11	7	12	12	4	14	3	4	16	10	10	3	8	32	4	6	15	17	14	18	15	12	13	15	14	14	13	14	14	18	13	13	11	11	11	11	12	12	12	11	11	11	10	11	12	10	13	19	10	10	10	10	10	10	11	11	10	10	10	10	9	10	10	17	10	9	9	10	9	10	9	9	9	9	9	9	9	9	9	9	9	9	9	9	8	8	8	8	8	8	8	8	8	8	8	8	8	8	8	8	8	8	8	9	11	11	11	11	11	11	11	10	19	9	8	8	8	9	9	8	8	8	7	6	5	5	5	5	6	7	7	6	7	8	8	24	8	10	6	5	6	5	5	5	7	5	6	0
MT252680_USA	44	12	11	6	12	12	4	14	3	4	16	8	7	3	5	32	4	5	15	17	14	18	15	12	13	15	14	14	13	14	14	15	13	13	11	11	11	11	12	12	12	11	11	11	10	11	12	10	10	10	10	10	10	10	10	10	11	11	10	10	10	10	9	10	10	9	10	9	9	10	9	10	9	9	9	9	9	9	9	9	9	9	9	9	9	9	8	8	8	8	8	8	8	8	8	8	8	8	8	8	8	8	8	8	8	9	11	11	11	11	11	11	11	10	8	9	8	8	8	9	9	8	8	8	7	5	5	5	5	5	6	7	7	6	7	8	8	18	6	7	6	5	5	5	5	5	7	4	6	6	0
MT246455_USA	45	12	11	6	12	12	4	14	3	4	16	10	7	3	8	33	4	6	16	18	15	19	16	13	14	16	15	15	14	15	15	19	14	14	12	12	12	12	13	13	13	12	12	12	11	12	13	11	14	23	11	11	11	11	11	11	12	12	11	11	11	11	10	11	11	22	10	10	10	11	10	10	10	10	10	10	10	10	10	10	10	10	10	10	10	10	9	9	9	9	9	9	9	9	9	9	9	9	9	9	9	9	9	9	9	10	12	12	12	11	11	11	12	11	28	10	9	9	9	10	10	9	9	9	8	7	6	6	6	6	7	8	8	7	7	8	8	24	9	11	7	5	6	6	5	6	8	5	5	6	6	0
MT246469_USA	42	10	9	4	10	10	2	12	2	2	14	10	5	1	3	33	5	6	16	18	15	19	15	13	14	16	15	15	14	15	15	15	14	14	12	12	12	12	13	13	13	12	12	12	11	12	13	9	14	23	11	8	11	11	11	11	12	12	11	11	11	11	10	11	11	22	8	10	10	8	7	11	7	10	10	10	10	10	10	10	10	10	10	10	10	10	9	9	9	9	9	9	9	8	9	9	9	9	9	6	9	9	9	9	9	10	12	12	12	9	9	9	12	11	29	10	9	9	9	10	10	9	9	9	8	7	6	6	6	3	7	8	8	7	5	6	6	19	8	10	10	5	4	6	3	6	6	4	7	7	4	8	0
MT246476_USA	44	12	11	7	12	12	4	14	3	4	16	10	10	3	8	32	4	6	15	17	14	18	15	12	13	15	14	14	13	14	14	18	13	13	11	11	11	11	12	12	12	11	11	11	10	11	12	10	13	22	10	10	10	10	10	10	11	11	10	10	10	10	9	10	10	21	10	9	9	10	9	10	9	9	9	9	9	9	9	9	9	9	9	9	9	9	8	8	8	8	8	8	8	8	8	8	8	8	8	8	8	8	8	8	8	9	11	11	11	11	11	11	11	10	27	9	8	8	8	9	9	8	8	8	7	6	5	5	5	5	6	7	7	6	7	8	8	24	6	10	6	5	6	5	5	5	7	5	6	6	6	7	7	0
MT246461_USA	43	10	9	6	11	11	3	13	4	3	15	9	9	2	7	35	3	5	18	20	17	21	18	15	16	18	17	14	16	17	17	19	16	16	14	14	14	14	15	15	15	14	14	14	13	14	15	13	16	25	13	13	13	13	13	13	14	14	13	13	13	15	12	13	13	24	9	12	12	13	12	9	12	12	12	12	12	12	12	12	12	12	12	12	12	12	11	11	11	11	11	11	11	11	11	11	11	11	11	11	11	11	11	11	11	12	14	14	14	10	10	10	14	13	31	12	11	11	11	12	12	11	11	11	10	9	8	8	8	8	9	10	10	9	6	7	7	23	11	13	5	4	7	8	4	6	10	4	5	5	5	6	9	5	0
MT246488_USA	43	10	9	5	11	11	3	13	2	3	15	9	8	2	6	35	3	5	18	20	17	21	18	15	16	18	17	14	16	17	17	18	16	16	14	14	14	14	15	15	15	14	14	14	13	14	15	13	13	13	13	13	13	13	13	13	14	14	13	13	13	13	12	13	13	12	9	13	12	13	12	9	12	12	12	12	12	12	12	12	12	12	12	12	12	12	11	11	11	11	11	11	11	11	11	11	11	11	11	11	11	11	11	11	11	12	14	14	14	10	10	10	14	13	11	12	11	11	11	12	12	11	11	11	10	8	8	8	8	8	9	10	10	9	6	7	7	19	11	13	7	4	4	8	4	4	10	4	7	5	5	6	8	5	2	0
MT252690_USA	42	10	9	5	11	11	3	13	2	3	15	7	6	2	4	31	3	4	14	16	13	17	14	11	12	14	13	13	12	13	13	14	12	12	10	10	10	10	11	11	11	10	10	10	9	10	11	9	9	9	9	9	9	9	9	9	10	10	9	9	9	9	8	9	9	8	9	8	8	9	8	9	8	8	8	8	8	8	8	8	8	8	8	8	8	8	7	7	7	7	7	7	7	7	7	7	7	7	7	7	7	7	7	7	7	8	10	10	10	10	10	10	10	9	7	8	7	7	7	8	8	7	7	7	6	4	4	4	4	4	5	6	6	5	6	7	7	17	5	6	5	4	4	4	4	4	6	3	5	5	5	5	3	5	2	2	0
MT163720_USA	44	11	11	7	12	12	4	14	3	4	16	10	8	3	8	32	4	5	15	17	14	18	15	12	13	15	8	14	13	14	14	18	13	13	11	11	11	11	12	12	12	11	11	11	10	11	12	10	13	22	10	10	10	10	10	10	11	11	10	10	10	10	9	10	10	21	10	9	9	10	9	10	9	9	9	9	9	9	9	9	9	9	9	9	9	9	8	8	8	8	8	8	8	8	8	8	8	8	8	8	8	8	8	8	8	9	11	11	11	11	11	11	11	10	28	8	8	8	8	9	9	8	8	8	7	6	5	5	5	5	6	7	7	6	7	7	8	24	8	10	6	5	6	5	5	5	7	5	4	6	6	4	7	6	5	5	5	0
MT252683_USA	43	11	10	5	11	11	3	11	2	3	15	7	3	2	4	31	3	4	14	16	13	17	14	11	12	14	7	13	12	13	13	13	12	12	10	10	10	10	11	11	11	10	10	10	9	10	11	9	9	9	9	9	9	9	9	9	10	10	9	9	9	9	8	9	9	8	9	8	8	9	8	9	8	8	8	8	8	8	8	8	8	8	8	8	8	8	7	7	7	7	7	7	7	7	7	7	7	7	7	7	7	7	7	7	7	8	10	10	10	10	10	10	10	9	7	7	7	7	7	8	8	7	7	7	6	4	4	4	4	4	5	6	6	5	6	7	7	16	5	6	5	4	4	4	4	4	6	3	5	5	5	5	3	5	4	4	4	3	0
MT252687_USA	43	11	10	4	11	11	3	13	2	3	15	6	4	2	4	31	3	4	14	16	13	17	14	11	12	14	13	13	12	13	13	13	12	12	10	10	10	10	11	11	11	10	10	10	9	10	11	9	9	9	9	9	9	9	9	9	10	10	9	9	9	9	8	9	9	8	9	8	8	9	8	9	8	8	8	8	8	8	8	8	8	8	8	8	8	8	7	7	7	7	7	7	7	7	7	7	7	7	7	7	7	7	7	7	7	8	10	10	10	10	10	10	10	9	7	8	7	7	7	8	8	7	7	7	6	4	4	4	4	4	5	6	6	5	6	6	7	7	5	6	5	4	4	4	4	4	6	3	5	5	5	5	3	5	4	4	4	5	4	0
MT251977_USA	42	11	10	5	11	11	3	13	2	3	15	7	6	2	4	31	3	4	14	16	13	17	14	11	12	14	13	13	12	13	13	14	12	12	10	10	10	10	11	11	11	10	10	10	9	10	11	9	12	21	9	9	9	9	9	9	10	10	9	9	9	9	8	9	9	20	9	8	8	9	8	9	8	8	8	8	8	8	8	8	8	8	8	8	8	8	7	7	7	7	7	7	7	7	7	7	7	7	7	7	7	7	7	7	7	8	10	10	10	10	10	10	10	9	27	8	7	7	7	8	8	7	7	7	6	5	4	4	4	4	5	6	6	5	6	7	7	20	5	6	5	4	4	4	4	4	6	3	5	5	5	5	3	5	4	4	4	5	4	4	0
MT246479_USA	42	10	9	6	10	10	2	11	2	2	14	5	6	1	5	31	3	4	14	16	13	17	14	11	12	14	13	13	12	13	13	15	12	12	10	10	10	10	11	11	11	10	10	10	9	10	11	9	12	21	9	9	9	9	9	9	10	10	9	9	9	9	8	9	9	20	8	8	8	8	7	9	7	8	8	8	8	8	8	8	8	8	8	8	8	8	7	7	7	7	7	7	7	7	7	7	7	7	7	6	7	7	7	7	7	8	10	10	10	9	9	9	10	9	26	8	7	7	7	8	8	7	7	7	6	5	4	4	4	4	5	6	6	5	6	6	6	19	5	6	5	4	5	4	3	4	6	3	5	5	5	5	4	5	4	4	4	5	4	3	4	0
MT251972_USA	42	10	9	4	10	10	2	12	1	2	14	6	5	1	3	30	2	3	13	15	12	16	13	10	11	13	12	12	11	12	12	13	11	11	9	9	9	9	10	10	10	9	9	9	8	9	10	8	11	17	8	8	8	8	8	8	9	9	8	8	8	8	7	8	8	18	8	7	7	8	7	8	7	7	7	7	7	7	7	7	7	7	7	7	7	7	6	6	6	6	6	6	6	6	6	6	6	6	6	6	6	6	6	6	6	7	9	9	9	9	9	9	9	8	17	7	6	6	6	7	7	6	6	6	5	3	3	3	3	3	4	5	5	4	5	6	6	19	4	5	4	3	3	3	3	3	5	2	4	4	4	5	2	4	3	3	3	4	3	3	3	3	0
MT252694_USA	41	9	9	5	10	9	2	12	2	3	14	8	8	1	6	31	3	4	13	16	13	17	14	11	12	14	13	12	12	13	12	16	12	11	10	10	10	10	11	11	11	10	10	10	9	10	11	8	12	18	8	8	8	9	9	9	10	10	9	9	9	9	8	9	9	16	8	8	8	8	7	9	7	7	8	8	8	8	8	8	8	8	8	8	8	8	7	7	7	7	7	7	6	6	7	7	7	7	7	6	7	7	7	7	7	8	10	10	10	9	9	9	10	8	18	8	7	7	7	8	8	7	7	7	5	3	4	4	4	3	5	6	6	4	6	7	6	22	5	8	5	3	4	4	4	4	6	3	4	4	4	5	5	5	4	3	3	5	3	3	4	4	2	0
MT246457_USA	43	11	10	6	11	11	3	12	2	3	15	9	8	2	7	31	3	3	14	16	13	17	14	11	12	14	13	13	12	13	13	17	12	12	10	10	10	10	11	11	11	10	10	10	9	10	11	9	12	21	9	9	9	9	9	9	10	10	9	9	9	9	8	9	9	20	9	8	8	9	8	9	8	8	8	8	8	8	8	8	8	8	8	8	8	8	7	7	7	7	7	7	7	7	7	7	7	7	7	7	7	7	7	7	7	8	10	10	10	10	10	10	10	9	26	8	7	7	7	8	8	7	7	7	6	5	4	4	4	4	5	6	6	5	6	3	7	23	7	9	5	4	5	4	4	4	6	4	5	5	5	5	6	5	4	4	4	4	4	4	4	4	3	4	0
MT246474_USA	44	11	10	5	11	11	3	13	2	3	15	9	8	2	7	35	3	5	18	20	17	21	18	15	16	18	17	14	16	17	17	19	16	16	14	14	14	14	15	15	15	14	14	14	13	14	15	13	16	25	13	13	13	13	13	13	14	14	13	14	13	13	12	13	13	24	9	13	12	13	12	9	12	12	12	12	12	12	12	12	12	12	12	12	12	12	11	11	11	11	11	11	11	11	11	11	11	11	11	11	11	11	11	11	11	12	14	14	14	10	10	10	14	13	25	12	11	11	11	12	12	11	11	11	10	9	8	8	8	8	10	10	10	9	6	7	7	23	11	13	7	4	5	8	4	6	10	4	7	5	5	6	9	5	6	6	4	5	4	2	4	4	3	4	4	0
MT246452_USA	42	10	9	5	10	10	2	12	1	2	14	8	8	1	6	30	2	4	13	15	12	16	13	10	11	13	12	12	11	12	12	18	11	11	9	9	9	9	10	10	10	9	9	9	8	9	10	8	11	20	8	8	8	8	8	8	9	9	8	9	8	8	7	8	8	21	8	8	7	8	7	8	7	7	7	7	7	7	7	7	7	7	7	7	7	7	6	6	6	6	6	6	6	6	6	6	6	6	6	6	6	6	6	6	6	7	9	9	9	9	9	9	9	8	21	7	6	6	6	7	7	6	6	6	5	4	3	3	3	3	5	5	5	4	5	6	6	22	8	8	8	3	4	3	3	7	5	3	8	4	4	5	5	4	7	7	3	4	3	3	3	3	2	3	3	7	0
MT246462_USA	43	11	10	6	11	11	3	13	2	3	15	9	9	2	7	32	3	5	14	17	14	18	15	11	12	15	14	13	13	14	13	21	13	12	11	11	11	11	12	12	12	11	11	11	10	11	12	10	15	24	9	9	10	10	10	10	11	10	9	10	10	10	9	10	9	31	9	10	9	9	8	9	10	8	9	9	9	9	9	9	9	8	9	9	9	9	8	7	7	8	8	8	7	7	8	8	8	8	8	7	8	8	8	8	8	9	11	11	11	10	10	10	11	9	29	9	8	8	8	9	9	8	8	8	6	5	5	5	5	4	6	7	6	6	6	7	7	23	10	9	9	4	5	4	4	8	6	4	9	5	5	6	6	5	8	8	4	5	4	4	4	4	3	4	4	8	1	0
MT251978_USA	42	10	9	5	10	10	2	12	1	2	14	8	8	1	6	31	2	4	13	16	13	17	14	11	11	14	13	12	12	13	12	19	12	11	10	10	10	10	11	11	11	10	10	10	9	10	11	9	12	23	8	8	9	9	9	9	10	9	8	9	9	9	8	9	8	29	8	9	8	8	7	8	8	7	8	8	8	8	8	8	8	8	8	8	8	8	7	6	6	7	7	7	6	6	7	7	7	7	7	7	7	7	7	7	7	8	10	10	10	9	9	9	10	8	27	8	7	7	7	8	8	7	7	7	5	4	4	4	4	3	5	6	5	5	5	6	6	22	9	8	8	3	4	3	3	7	5	3	8	4	4	5	5	4	7	7	3	4	3	3	3	3	2	3	3	7	2	4	0
MT163719_USA	42	10	9	5	10	10	2	12	1	2	14	8	8	1	6	30	2	4	13	15	12	16	13	10	11	13	12	12	11	12	12	19	11	11	9	9	9	9	10	10	10	9	9	9	8	9	10	8	13	24	8	8	8	8	8	8	9	9	8	9	8	8	7	8	8	30	8	8	7	8	7	8	8	7	7	7	7	7	7	7	7	7	7	7	7	7	6	6	6	6	6	6	6	6	6	6	6	6	6	6	6	6	6	6	6	7	9	9	9	9	9	9	9	8	27	7	6	6	6	7	7	6	6	6	5	4	3	3	3	3	5	5	5	4	5	6	6	22	9	8	8	3	4	3	3	7	5	3	8	4	4	5	5	4	7	7	3	4	3	3	3	3	2	3	3	7	2	4	3	0
MT152824_USA	42	10	9	5	10	10	2	12	1	2	14	8	6	1	6	30	2	4	13	15	12	16	13	10	11	13	12	12	11	12	12	18	11	11	9	9	9	9	10	10	10	9	9	9	8	9	10	8	9	14	8	8	8	8	8	8	9	9	8	9	8	8	7	8	8	17	8	8	7	8	7	8	7	7	7	7	7	7	7	7	7	7	7	7	7	7	6	6	6	6	6	6	6	6	6	6	6	6	6	6	6	6	6	6	6	7	9	9	9	9	9	9	9	8	11	7	6	6	6	7	7	6	6	6	5	4	3	3	3	3	5	5	5	4	5	6	6	19	9	8	8	3	4	3	3	7	5	3	6	4	4	3	5	4	7	7	3	2	3	3	3	3	2	3	3	7	2	3	3	2	0
MT252686_USA	41	10	9	6	10	10	2	12	2	2	14	8	8	1	6	31	3	4	14	16	13	17	14	11	12	14	13	13	12	13	13	16	12	12	10	10	10	10	11	11	11	10	10	10	9	10	11	8	12	21	9	8	9	9	9	9	10	10	9	9	9	9	8	9	9	20	8	8	8	8	7	9	7	8	8	8	8	8	8	8	8	8	8	8	8	8	7	7	7	7	7	7	7	6	7	7	7	7	7	6	7	7	7	7	7	8	10	10	10	9	9	9	10	9	27	7	7	7	7	8	8	7	7	7	6	5	4	4	4	3	5	6	6	5	5	6	6	22	5	7	5	4	5	4	3	3	5	3	4	5	4	5	5	5	4	4	3	5	3	3	3	3	2	3	4	4	3	4	3	3	3	0
MT246477_USA	43	10	9	5	10	10	2	12	1	2	14	8	8	1	6	34	2	4	17	19	16	20	17	14	15	17	16	13	15	16	16	18	15	15	13	13	13	13	14	14	14	13	13	13	12	13	14	12	15	24	12	12	12	12	12	12	13	13	12	12	12	12	11	12	12	23	8	11	11	12	11	8	11	11	11	11	11	11	11	11	11	11	11	11	11	11	10	10	10	10	10	10	10	10	10	10	10	10	10	10	10	10	10	10	10	11	13	13	13	9	9	9	13	12	30	11	10	10	10	11	11	10	10	10	9	8	7	7	7	7	8	9	9	8	5	6	6	22	10	12	6	3	4	7	3	3	9	3	6	4	4	5	8	4	7	5	3	4	3	3	3	3	2	3	3	3	6	7	6	6	6	3	0
MT163717_USA	41	9	8	3	9	9	1	11	1	1	13	9	4	0	2	32	4	5	15	17	14	18	15	12	13	15	14	14	13	14	14	14	13	13	11	11	11	11	12	12	12	11	11	11	10	11	12	8	13	22	10	7	10	10	10	10	11	11	10	11	10	10	9	10	10	28	7	10	9	7	6	10	6	9	9	9	9	9	9	9	9	9	9	9	9	9	8	8	8	8	8	8	8	7	8	8	8	8	8	5	8	8	8	8	8	9	11	11	11	8	8	8	11	10	28	9	8	8	8	9	9	8	8	8	7	6	5	5	5	2	7	7	7	6	4	5	5	18	10	9	10	4	3	5	2	6	5	3	7	6	3	7	1	6	9	8	2	6	2	2	2	3	1	4	5	9	4	5	4	4	4	4	8	0
MT252677_USA	42	9	8	4	9	9	1	11	0	1	13	7	7	0	5	33	1	3	16	18	15	19	16	13	14	16	15	12	14	15	15	17	14	14	12	12	12	12	13	13	13	12	12	12	11	12	13	11	14	23	11	11	11	11	11	11	12	12	11	11	11	11	10	11	11	22	7	11	10	11	10	7	10	10	10	10	10	10	10	10	10	10	10	10	10	10	9	9	9	9	9	9	9	9	9	9	9	9	9	9	9	9	9	9	9	10	12	12	12	8	8	8	12	11	29	10	9	9	9	10	10	9	9	9	8	7	6	6	6	6	7	8	8	7	4	5	5	21	9	11	5	2	3	6	2	4	8	2	5	3	3	4	7	3	4	4	2	3	2	2	2	2	1	2	2	2	5	6	5	5	5	2	1	7	0
MT246466_USA	42	9	8	4	9	9	1	11	0	1	13	7	7	0	5	33	1	3	16	18	15	19	16	13	14	16	15	12	14	15	15	17	14	14	12	12	12	12	13	13	13	12	12	12	11	12	13	11	14	23	11	11	11	11	11	11	12	12	11	12	11	11	10	11	11	29	7	11	10	11	10	7	10	10	10	10	10	10	10	10	10	10	10	10	10	10	9	9	9	9	9	9	9	9	9	9	9	9	9	9	9	9	9	9	9	10	12	12	12	8	8	8	12	11	29	10	9	9	9	10	10	9	9	9	8	7	6	6	6	6	8	8	8	7	4	5	5	21	12	11	5	2	3	6	2	4	8	2	5	3	3	4	7	3	4	4	2	3	2	2	2	2	1	2	2	2	5	6	5	5	5	2	1	7	0	0
MT163718_USA	41	9	8	4	9	9	1	11	0	1	13	7	7	0	5	35	1	3	15	20	17	21	18	13	11	18	17	11	16	17	12	22	16	11	14	14	14	14	15	15	15	14	14	14	13	14	15	13	16	25	8	8	13	13	13	13	14	11	7	9	13	13	12	13	7	30	7	13	12	7	7	7	12	7	12	12	12	12	12	12	12	11	12	12	12	12	11	5	5	11	11	11	6	6	10	10	11	11	11	9	11	11	11	11	11	12	14	14	14	8	8	8	14	7	31	12	11	11	11	12	12	11	11	11	4	6	8	8	8	3	5	10	4	9	4	5	5	21	9	7	7	2	3	3	2	6	4	2	7	3	3	4	4	3	6	6	2	3	2	2	2	2	1	2	2	7	2	8	6	7	6	2	5	4	5	5	0
MT252691_USA	41	9	8	4	9	9	1	11	0	1	13	7	7	0	5	29	1	3	12	14	11	15	12	9	10	12	11	11	10	11	11	15	10	10	8	8	8	8	9	9	9	8	8	8	7	8	9	7	10	19	7	7	7	7	7	7	8	8	7	7	7	7	6	7	7	18	7	6	6	7	6	7	6	6	6	6	6	6	6	6	6	6	6	6	6	6	5	5	5	5	5	5	5	5	5	5	5	5	5	5	5	5	5	5	5	6	8	8	8	8	8	8	8	7	21	6	5	5	5	6	6	5	5	5	4	3	2	2	2	2	3	4	4	3	4	5	5	21	5	7	3	2	3	2	2	2	4	2	3	3	3	3	4	3	2	2	2	3	2	2	2	2	1	2	2	2	1	2	1	1	1	2	1	3	0	0	0	0
MT252685_USA	41	9	8	4	9	9	1	11	0	1	13	5	5	0	3	29	1	2	12	14	11	15	12	9	10	12	11	11	10	11	11	13	10	10	8	8	8	8	9	9	9	8	8	8	7	8	9	7	10	19	7	7	7	7	7	7	8	8	7	7	7	7	6	7	7	16	7	6	6	7	6	7	6	6	6	6	6	6	6	6	6	6	6	6	6	6	5	5	5	5	5	5	5	5	5	5	5	5	5	5	5	5	5	5	5	6	8	8	8	8	8	8	8	7	20	5	5	5	5	6	6	5	5	5	4	3	2	2	2	2	3	4	4	3	4	5	5	19	3	4	3	2	3	2	2	2	4	1	3	3	3	3	2	3	2	2	2	3	2	2	2	2	1	2	2	2	1	2	1	1	1	1	1	1	0	0	0	0	0
MT252689_USA	41	9	8	4	9	9	1	11	0	1	13	7	7	0	5	29	1	3	12	14	11	15	12	9	10	12	11	11	10	11	11	15	10	10	8	8	8	8	9	9	9	8	8	8	7	8	9	7	10	19	7	7	7	7	7	7	8	8	7	7	7	7	6	7	7	16	7	6	6	7	6	7	6	6	6	6	6	6	6	6	6	6	6	6	6	6	5	5	5	5	5	5	5	5	5	5	5	5	5	5	5	5	5	5	5	6	8	8	8	8	8	8	8	7	20	5	5	5	5	6	6	5	5	5	4	2	2	2	2	2	3	4	4	3	4	5	5	21	5	7	3	2	3	2	2	2	4	2	3	3	3	3	4	3	2	2	2	3	2	2	2	2	1	2	2	2	1	2	1	1	1	2	1	3	0	0	0	0	0	0
MT252688_USA	42	10	9	3	10	10	1	11	0	1	14	5	4	0	2	30	1	2	13	15	12	16	13	10	11	13	12	12	11	12	12	16	11	11	9	9	9	9	10	10	10	9	9	9	8	9	10	8	10	12	8	8	8	8	8	8	9	9	8	9	8	8	7	8	8	18	7	8	7	8	7	8	8	7	7	7	7	7	7	7	7	7	7	7	7	7	6	6	6	6	6	6	6	6	6	6	6	6	6	6	6	6	6	6	6	7	9	9	9	9	9	9	9	8	7	7	6	6	6	7	7	6	6	6	5	3	3	3	3	3	5	5	5	4	4	6	6	16	7	5	8	3	3	3	2	7	5	1	8	3	4	5	2	4	7	7	3	3	2	3	2	2	2	2	2	7	2	4	3	2	2	1	6	1	5	5	7	0	0	0	0
MT246487_USA	52	25	24	26	25	14	22	12	22	23	17	29	18	22	26	49	22	25	14	30	29	31	28	25	26	28	27	22	26	27	27	29	26	26	24	24	24	24	23	25	25	24	24	24	23	24	25	23	26	35	23	23	23	23	23	23	24	24	23	23	23	23	22	23	23	35	19	23	22	23	22	19	22	22	22	22	22	22	22	22	22	22	22	22	22	22	21	21	21	21	21	21	21	21	21	21	21	21	21	21	21	21	21	21	21	22	28	28	28	24	24	24	28	27	41	26	25	25	25	26	26	25	25	25	24	25	24	24	24	24	23	24	24	23	26	27	27	43	31	33	27	24	25	28	24	26	30	24	27	25	25	26	29	25	26	26	24	25	24	24	24	24	23	24	24	24	27	28	27	27	27	24	23	29	22	22	27	22	22	22	27	0
MT251979_USA	41	15	14	15	15	4	12	12	12	13	7	19	17	12	15	35	12	15	0	16	15	17	14	11	12	14	13	11	12	13	13	16	12	12	10	10	10	10	9	11	11	10	10	10	9	10	11	9	12	14	9	9	9	9	9	9	10	10	9	9	9	9	8	9	9	13	9	8	8	9	8	9	8	8	8	8	8	8	8	8	8	8	8	8	8	8	7	7	7	7	7	7	7	7	7	7	7	7	7	7	7	7	7	7	7	8	14	14	14	14	14	14	14	13	15	12	11	11	11	12	12	11	11	11	10	10	10	10	10	10	9	10	10	9	16	17	17	32	17	19	15	14	14	14	14	14	16	14	15	15	15	15	15	15	14	14	14	15	14	14	14	14	13	13	14	14	13	14	13	13	13	14	13	14	12	12	12	12	12	12	13	10	0
MT246451_USA	43	19	18	20	19	8	16	16	16	17	5	20	22	16	20	39	16	19	10	20	19	21	18	15	16	18	17	15	16	17	17	21	16	16	14	14	14	14	13	15	15	14	14	14	13	14	15	13	16	25	13	13	13	13	13	13	14	14	13	13	13	13	12	13	13	24	13	12	12	13	12	13	12	12	12	12	12	12	12	12	12	12	12	12	12	12	11	11	11	11	11	11	11	11	11	11	11	11	11	11	11	11	11	11	11	12	18	18	18	18	18	18	18	17	35	16	15	15	15	16	16	15	15	15	14	15	14	14	14	14	13	14	14	13	20	21	21	37	21	23	19	18	19	18	18	18	20	18	19	19	19	20	20	19	18	18	18	19	18	18	18	18	17	18	18	18	17	18	17	17	17	18	17	19	16	16	16	16	16	16	17	20	10	0
MT246484_USA	44	16	15	17	16	5	13	13	14	14	8	20	16	13	15	41	14	17	8	22	21	23	20	17	18	20	19	14	18	19	19	17	18	18	16	16	16	16	15	17	17	16	16	16	15	16	17	14	18	27	15	14	15	15	15	15	16	16	15	15	15	15	14	15	15	26	10	14	14	14	13	11	13	14	14	14	14	14	14	14	14	14	14	14	14	14	13	13	13	13	13	13	13	12	13	13	13	13	13	12	13	13	13	13	13	14	20	20	20	15	15	15	20	19	36	18	17	17	17	18	18	17	17	17	16	17	16	16	16	15	15	16	16	15	17	18	18	31	22	23	17	15	16	20	15	17	22	16	16	17	16	18	18	17	16	17	15	17	15	15	15	16	14	15	16	18	19	20	19	19	19	16	17	18	16	16	18	14	14	14	18	16	3	12	0
MT246453_USA	43	16	15	16	16	5	13	13	13	14	8	19	17	13	15	36	13	16	3	17	16	18	15	12	13	15	14	12	13	14	14	16	13	13	11	11	11	11	10	12	12	11	11	11	10	11	12	10	13	22	10	10	10	10	10	10	11	11	10	10	10	10	9	10	10	19	10	9	9	10	9	10	9	9	9	9	9	9	9	9	9	9	9	9	9	9	8	8	8	8	8	8	8	8	8	8	8	8	8	8	8	8	8	8	8	9	15	15	15	15	15	15	15	14	27	13	12	12	12	13	13	12	12	12	11	11	11	11	11	11	10	11	11	10	17	18	18	32	17	18	16	15	15	15	15	15	17	15	16	16	16	16	15	16	15	15	15	16	15	15	15	15	14	15	15	15	14	15	14	14	14	15	14	14	13	13	13	13	13	13	13	13	3	11	2	0
MT246470_USA	43	15	14	16	15	4	12	12	12	13	1	17	18	12	16	39	12	15	10	20	19	21	18	15	16	18	17	12	16	17	17	19	16	16	14	14	14	14	13	15	15	14	14	14	13	14	15	13	13	15	13	13	13	13	13	13	14	14	13	13	13	13	12	13	13	12	9	13	12	13	12	9	12	12	12	12	12	12	12	12	12	12	12	12	12	12	11	11	11	11	11	11	11	11	11	11	11	11	11	11	11	11	11	11	11	12	18	18	18	14	14	14	18	17	19	16	15	15	15	16	16	15	15	15	14	15	14	14	14	14	13	14	14	13	16	17	17	30	21	23	17	14	15	18	14	16	20	14	17	15	15	16	19	15	16	16	14	15	14	14	14	14	13	14	14	14	17	18	17	17	17	14	13	19	12	12	17	12	12	12	17	16	6	4	10	7	0
MT192765_USA	39	13	12	13	13	2	10	10	10	11	5	14	12	10	11	33	10	12	4	14	13	15	12	9	10	12	11	9	10	11	11	13	10	10	8	8	8	8	7	9	9	8	8	8	7	8	9	7	7	7	7	7	7	7	7	7	8	8	7	8	7	7	6	7	7	12	7	7	6	7	6	7	6	6	6	6	6	6	6	6	6	6	6	6	6	6	5	5	5	5	5	5	5	5	5	5	5	5	5	5	5	5	5	5	5	6	12	12	12	12	12	12	12	11	9	10	9	9	9	10	10	9	9	9	8	8	8	8	8	8	8	8	8	7	14	14	14	14	15	14	17	12	12	12	12	16	14	11	17	13	13	14	11	13	16	16	12	13	12	12	12	11	11	11	12	16	11	12	11	11	11	11	15	10	14	14	11	10	10	10	11	18	4	8	9	5	8	0
MT251974_USA	40	14	13	16	14	3	11	11	12	12	6	20	15	11	14	37	14	15	6	18	17	19	16	13	14	16	15	13	14	15	15	14	14	14	12	12	12	12	11	13	13	12	12	12	11	12	13	10	14	23	11	9	11	11	11	11	12	12	11	11	11	11	10	11	11	22	8	10	10	8	7	11	7	10	10	10	10	10	10	10	10	10	10	10	10	10	9	9	9	9	9	9	9	9	9	9	9	9	9	6	9	9	9	9	9	10	16	16	16	13	13	13	16	15	33	14	13	13	13	14	14	13	13	13	12	13	12	12	12	10	11	12	12	11	16	17	16	30	18	20	17	16	16	16	13	14	16	13	15	17	15	17	14	17	16	16	14	17	13	13	14	14	13	16	16	16	15	16	15	15	15	15	15	13	14	14	14	14	12	14	13	16	6	12	5	6	8	3	0
MT246480_USA	40	14	13	15	14	3	11	11	11	12	6	18	17	11	15	35	11	14	4	16	15	17	14	11	12	14	13	10	12	13	12	19	12	11	10	10	10	10	9	11	11	10	10	10	9	10	11	9	12	26	8	8	9	9	9	9	10	10	8	9	9	9	8	9	8	26	8	9	8	8	7	8	8	7	8	8	8	8	8	8	8	8	8	8	8	8	7	6	6	7	7	7	6	6	7	7	7	7	7	7	7	7	7	7	7	8	14	14	14	13	13	13	14	12	31	12	11	11	11	12	12	11	11	11	9	11	10	10	10	9	9	10	9	9	15	16	16	32	19	18	18	13	14	13	13	17	15	13	18	14	14	15	15	14	18	17	13	14	13	13	13	13	12	13	13	17	12	14	13	13	13	13	16	15	15	16	13	11	11	11	13	17	3	9	9	4	9	3	3	0
MT246481_USA	42	14	13	15	14	3	11	11	11	12	6	18	17	11	15	38	11	14	5	19	18	20	17	14	15	17	16	11	15	16	16	18	15	15	13	13	13	13	12	14	14	13	13	13	12	13	14	12	15	24	12	12	12	12	12	12	13	13	12	12	12	12	11	12	12	23	8	11	11	12	11	8	11	11	11	11	11	11	11	11	11	11	11	11	11	11	10	10	10	10	10	10	10	10	10	10	10	10	10	10	10	10	10	10	10	11	17	17	17	13	13	13	17	16	34	15	14	14	14	15	15	14	14	14	13	14	13	13	13	13	12	13	13	12	15	16	16	32	20	22	16	13	14	17	13	15	19	13	16	14	14	15	18	14	16	15	13	14	13	13	13	13	12	13	13	13	16	17	16	16	16	13	12	18	11	11	15	11	11	11	16	11	1	9	5	2	5	7	5	6	0
MT246467_USA	43	15	14	16	15	4	12	12	12	13	7	19	18	12	16	39	12	15	6	20	19	21	18	15	16	18	17	12	16	17	17	19	16	16	14	14	14	14	13	15	15	14	14	14	13	14	15	13	16	29	13	13	13	13	13	13	14	14	13	14	13	13	12	13	13	30	9	13	12	13	12	9	12	12	12	12	12	12	12	12	12	12	12	12	12	12	11	11	11	11	11	11	11	11	11	11	11	11	11	11	11	11	11	11	11	12	18	18	18	14	14	14	18	17	34	16	15	15	15	16	16	15	15	15	14	15	14	14	14	14	14	14	14	13	16	17	17	33	23	23	17	14	15	18	14	14	20	14	17	15	15	16	19	15	16	14	14	15	14	14	14	14	13	14	14	16	17	18	17	17	17	14	15	19	14	14	17	12	12	12	17	14	2	10	6	3	8	8	6	7	3	0
MT252678_USA	42	16	15	17	16	5	13	13	13	14	8	20	19	13	17	36	13	16	1	17	16	18	15	12	13	15	14	12	13	14	14	18	13	13	11	11	11	11	10	12	12	11	11	11	10	11	12	10	10	10	10	10	10	10	10	10	11	11	10	10	10	10	9	10	10	9	10	9	9	10	9	10	9	9	9	9	9	9	9	9	9	9	9	9	9	9	8	8	8	8	8	8	8	8	8	8	8	8	8	8	8	8	8	8	8	9	15	15	15	15	15	15	15	14	12	13	12	12	12	13	13	12	12	12	11	11	11	11	11	11	10	11	11	10	17	18	18	31	18	20	16	15	16	15	15	15	17	15	16	16	16	16	17	16	15	15	15	16	15	15	15	15	14	14	15	15	14	15	14	14	14	15	14	16	13	13	13	13	13	13	14	11	1	11	5	4	7	5	7	4	2	3	0
MT246460_USA	41	14	13	15	14	3	11	11	11	12	6	18	17	11	15	34	11	14	1	15	14	16	13	10	11	13	12	10	11	12	12	18	11	11	9	9	9	9	8	10	10	9	9	9	8	9	10	8	11	24	8	8	8	8	8	8	9	9	8	9	8	8	7	8	8	26	8	8	7	8	7	8	7	7	7	7	7	7	7	7	7	7	7	7	7	7	6	6	6	6	6	6	6	6	6	6	6	6	6	6	6	6	6	6	6	7	13	13	13	13	13	13	13	12	30	11	10	10	10	11	11	10	10	10	9	10	9	9	9	9	9	9	9	8	15	16	16	32	19	18	18	13	14	13	13	17	15	13	18	14	14	15	15	14	17	17	13	14	13	13	13	13	12	13	13	17	12	13	12	12	12	13	16	14	15	15	13	11	11	11	12	15	1	9	7	2	9	3	5	5	4	6	2	0
MT251976_USA	43	16	15	17	16	5	13	13	13	14	8	20	19	13	17	40	13	16	5	21	20	22	19	16	17	19	18	13	17	18	18	20	17	17	15	15	15	15	14	16	16	15	15	15	14	15	16	14	17	31	14	14	14	14	14	14	15	15	14	15	14	14	13	14	14	31	10	14	13	14	13	10	13	13	13	13	13	13	13	13	13	13	13	13	13	13	12	12	12	12	12	12	12	12	12	12	12	12	12	12	12	12	12	12	12	13	19	19	19	15	15	15	19	18	34	17	16	16	16	17	17	16	16	16	15	16	15	15	15	15	15	15	15	14	17	18	18	34	24	24	18	15	16	19	15	15	21	15	18	16	16	17	20	16	17	15	15	16	15	15	15	15	14	15	15	17	18	19	18	18	18	15	16	20	15	15	18	13	13	13	18	13	1	11	7	4	9	9	7	8	4	3	2	8	0
MT246490_USA	41	15	14	16	15	4	12	12	12	13	7	19	18	12	16	35	12	15	0	16	15	17	14	11	12	14	13	11	12	13	13	17	12	12	10	10	10	10	9	11	11	10	10	10	9	10	11	9	12	21	9	9	9	9	9	9	10	10	9	9	9	9	8	9	9	20	9	8	8	9	8	9	8	8	8	8	8	8	8	8	8	8	8	8	8	8	7	7	7	7	7	7	7	7	7	7	7	7	7	7	7	7	7	7	7	8	14	14	14	14	14	14	14	13	31	12	11	11	11	12	12	11	11	11	10	11	10	10	10	10	9	10	10	9	16	17	17	33	17	19	15	14	15	14	14	14	16	14	15	15	15	15	16	15	14	14	14	15	14	14	14	14	13	14	14	14	13	14	13	13	13	14	13	15	12	12	12	12	12	12	12	10	0	10	4	3	6	4	6	3	1	2	1	1	1	0
MT246450_USA	41	15	14	16	15	4	12	12	12	13	7	19	18	12	16	35	12	15	0	16	15	17	14	11	12	14	13	11	12	13	13	19	12	12	10	10	10	10	9	11	11	10	10	10	9	10	11	9	12	21	9	9	9	9	9	9	10	10	9	9	9	9	8	9	9	20	9	8	8	9	8	9	8	8	8	8	8	8	8	8	8	8	8	8	8	8	7	7	7	7	7	7	7	7	7	7	7	7	7	7	7	7	7	7	7	8	14	14	14	14	14	14	14	13	31	12	11	11	11	12	12	11	11	11	10	11	10	10	10	10	9	10	10	9	16	17	17	33	17	19	19	14	15	14	14	18	16	14	19	15	15	16	16	15	18	18	14	15	14	14	14	14	13	14	14	18	13	14	13	13	13	14	17	15	16	16	12	12	12	12	13	14	0	10	8	3	10	4	6	3	5	6	1	1	5	0	0
MT252682_USA	42	15	14	15	15	4	12	12	12	13	7	18	15	12	13	39	12	14	4	20	19	21	18	15	16	18	17	12	16	17	17	16	16	16	14	14	14	14	13	15	15	14	14	14	13	14	15	13	16	23	13	13	13	13	13	13	14	14	13	13	13	13	12	13	13	18	9	12	12	13	12	9	12	12	12	12	12	12	12	12	12	12	12	12	12	12	11	11	11	11	11	11	11	11	11	11	11	11	11	11	11	11	11	11	11	12	18	18	18	14	14	14	18	17	26	16	15	15	15	16	16	15	15	15	14	15	14	14	14	14	13	14	14	13	16	17	17	30	20	21	17	14	14	18	14	14	20	13	17	15	15	16	16	15	16	14	14	15	14	14	14	14	13	14	14	16	17	18	17	17	17	13	15	16	14	14	16	12	12	12	17	12	0	10	5	3	8	8	4	7	3	2	1	5	1	0	4	0
MT246449_USA	41	15	14	15	15	4	12	12	12	13	7	17	15	12	13	35	12	14	0	16	15	17	14	11	12	14	13	11	12	13	13	14	12	12	10	10	10	10	9	11	11	10	10	10	9	10	11	9	12	21	9	9	9	9	9	9	10	10	9	9	9	9	8	9	9	20	9	8	8	9	8	9	8	8	8	8	8	8	8	8	8	8	8	8	8	8	7	7	7	7	7	7	7	7	7	7	7	7	7	7	7	7	7	7	7	8	14	14	14	14	14	14	14	13	29	12	11	11	11	12	12	11	11	11	10	10	10	10	10	10	9	10	10	9	16	17	17	30	15	16	15	14	14	14	14	14	16	13	15	15	15	15	13	15	14	14	14	15	14	14	14	14	13	14	14	14	13	14	13	13	13	13	13	12	12	12	12	12	12	12	12	10	0	10	3	3	6	4	4	3	1	2	1	1	1	0	0	0	0
MT252695_USA	42	16	15	16	16	5	13	13	13	14	8	18	16	13	14	36	13	15	1	17	16	18	15	12	13	15	14	12	13	14	14	15	13	13	11	11	11	11	10	12	12	11	11	11	10	11	12	10	13	22	10	10	10	10	10	10	11	11	10	10	10	10	9	10	10	16	10	9	9	10	9	10	9	9	9	9	9	9	9	9	9	9	9	9	9	9	8	8	8	8	8	8	8	8	8	8	8	8	8	8	8	8	8	8	8	9	15	15	15	15	15	15	15	14	24	13	12	12	12	13	13	12	12	12	11	11	11	11	11	11	10	11	11	10	17	18	18	31	16	17	16	15	15	15	15	15	17	14	16	16	16	16	14	16	15	15	15	16	15	15	15	15	14	15	15	15	14	15	14	14	14	14	14	13	13	13	13	13	13	13	13	11	1	11	4	4	7	5	5	4	2	3	2	2	2	1	1	1	1	0
	LR757997_China	MT198651_Spain	MT233520_Spain	MT246465_USA	MT233521_Spain	MT198653_Spain	MT246483_USA	MT252692_USA	MT246463_USA	MT246458_USA	MT233522_Spain	MT246456_USA	MT163721_USA	MT252693_USA	MT246485_USA	MT226610_China	MT246468_USA	MT246473_USA	MT251973_USA	MT039890_South Korea	MN988713_USA	MT184911_USA	MT093571_Sweden	MT123291_China	MT123293_China	MT184910_USA	MT019530_China	MT240479_Pakistan	MT184908_USA	MT184913_USA	MT246454_USA	MT163716_USA	MT039888_USA	MT012098_India	MT159712_USA	MT186683_Hong Kong	MT027063_USA	MT027062_USA	LC542809_Japan	MT114415_Hong Kong	MT114414_Hong Kong	MT007544_Australia	MT019529_China	LC529905_Japan	MT159722_USA	MT159705_USA	MT126808_Brazil	MT066156_Italy	MT123290_China	LC528233_N/A	MN996531_China	MN996529_China	MT066176_Taiwan	MN994468_USA	MT159717_USA	MT159718_USA	MT159720_USA	LC534418_Japan	LR757998_China	LC534419_Japan	MT027064_USA	MT121215_China	MT184912_USA	MT114418_Hong Kong	MT114419_Hong Kong	LC528232_N/A	MT077125_Italy	MT192773_Viet Nam	MT192772_Viet Nam	MN996527_China	MT072688_Nepal	MT188340_USA	MT020781_Finland	MT093631_China	MT159716_USA	MT039887_USA	MT019533_China	MT106053_USA	MT159715_USA	MT019531_China	MT114413_Hong Kong	MT114412_Hong Kong	MT159706_USA	MT159707_USA	MT159709_USA	MT159708_USA	MT044258_USA	MT192759_Taiwan	LR757996_China	MT019532_China	MN908947_China	MN996528_China	MT039874_China	MN996530_China	MN988669_China	MN988668_China	MT159719_USA	MT184909_USA	MT184907_USA	MT039873_China	MT159710_USA	MT159711_USA	MT159713_USA	MT159714_USA	MT159721_USA	MT118835_USA	MT044257_USA	MN994467_USA	MT230904_Hong Kong	MT233523_Spain	MT233519_Spain	MT198652_Spain	MT106054_USA	MT050493_India	MT123292_China	MT049951_China	MT135041_China	MT135044_China	MT135042_China	MT135043_China	MN975262_China	MT106052_USA	LC542976_Japan	MN997409_USA	MN938384_China	MT246667_USA	MT020880_USA	MN985325_USA	MT020881_USA	MT233526_USA	LR757995_China	MT114417_Hong Kong	MT114416_Hong Kong	MT066175_Taiwan	MT246482_USA	MT251980_USA	MT188339_USA	MT188341_USA	MT246459_USA	MT251975_USA	MT246471_USA	MT246464_USA	MT246489_USA	MT246478_USA	MT246472_USA	MT246486_USA	MT246475_USA	MT252681_USA	MT252679_USA	MT252684_USA	MT252680_USA	MT246455_USA	MT246469_USA	MT246476_USA	MT246461_USA	MT246488_USA	MT252690_USA	MT163720_USA	MT252683_USA	MT252687_USA	MT251977_USA	MT246479_USA	MT251972_USA	MT252694_USA	MT246457_USA	MT246474_USA	MT246452_USA	MT246462_USA	MT251978_USA	MT163719_USA	MT152824_USA	MT252686_USA	MT246477_USA	MT163717_USA	MT252677_USA	MT246466_USA	MT163718_USA	MT252691_USA	MT252685_USA	MT252689_USA	MT252688_USA	MT246487_USA	MT251979_USA	MT246451_USA	MT246484_USA	MT246453_USA	MT246470_USA	MT192765_USA	MT251974_USA	MT246480_USA	MT246481_USA	MT246467_USA	MT252678_USA	MT246460_USA	MT251976_USA	MT246490_USA	MT246450_USA	MT252682_USA	MT246449_USA	MT252695_USA